0.000000000000000000e+00 0.000000000000000000e+00 -0.000000000000000000e+00
3.879085026032801347e-03 1.937990295473670729e-02 9.957016914117469610e-04
7.515448662396438141e-03 2.142330171214584800e-02 1.978678743551133198e-03
1.115181229876007450e-02 2.345783940144678670e-02 2.956240117549762195e-03
1.478817593512371173e-02 2.548711079284818326e-02 3.930001316284176607e-03
1.842453957148734722e-02 2.751693281220334020e-02 4.895169945371167196e-03
2.206090320785098619e-02 3.040556311831617287e-02 5.853626797533918041e-03
2.569726684421462168e-02 3.474391007618862076e-02 6.809437167608906570e-03
2.933363048057826064e-02 3.907329090914686553e-02 7.759929859941070221e-03
3.296999411694189613e-02 4.336961006697891835e-02 8.701038480598716554e-03
3.660635775330552816e-02 4.763832598284895026e-02 9.633928449314425879e-03
4.024272138966916712e-02 5.189546136381303215e-02 1.055896495781322685e-02
4.387908502603279914e-02 5.618126573803686186e-02 1.147664821324697118e-02
4.751544866239643811e-02 6.046820673526471374e-02 1.238762693586696780e-02
5.115181229876007707e-02 6.476598525630410108e-02 1.329266724321508282e-02
5.478817593512370909e-02 6.906567070341758374e-02 1.419697744791691314e-02
5.842453957148734806e-02 7.354824063155883385e-02 1.509864738114587504e-02
6.206090320785098008e-02 7.824350690067882752e-02 1.599890312889993074e-02
6.569726684421461904e-02 8.297591533685362564e-02 1.689489059964236969e-02
6.933363048057826494e-02 8.769380369391521768e-02 1.778782973518291954e-02
7.296999411694189697e-02 9.239803348123258597e-02 1.867744373979222938e-02
7.660635775330552899e-02 9.710122149749488007e-02 1.956252514105262519e-02
8.024272138966917489e-02 1.017975782255509387e-01 2.044474199751218982e-02
8.387908502603279304e-02 1.065239451698759277e-01 2.132001707906515039e-02
8.751544866239642506e-02 1.112512253702634402e-01 2.219123870436336826e-02
9.115181229876005709e-02 1.159700430388728443e-01 2.305587096654312940e-02
9.478817593512367523e-02 1.206914817822445918e-01 2.391693360659927561e-02
9.842453957148730725e-02 1.254138394222947817e-01 2.477615045205480010e-02
1.020609032078509393e-01 1.301255613595410365e-01 2.563125724937086181e-02
1.056972668442145574e-01 1.348337954624044266e-01 2.648479558504896608e-02
1.093336304805781894e-01 1.395314449427266512e-01 2.733573232296715450e-02
1.129699941169418353e-01 1.442655219421116464e-01 2.818206882135354183e-02
1.166063577533054535e-01 1.489922578182037716e-01 2.902676478624507603e-02
1.202427213896690716e-01 1.537192540452275435e-01 2.987104120842146507e-02
1.238790850260327037e-01 1.584356795969270870e-01 3.071333361828795794e-02
1.275154486623963357e-01 1.631454231031036484e-01 3.155421300181057709e-02
1.311518122987599400e-01 1.678521231830489291e-01 3.239234739427631488e-02
1.347881759351235997e-01 1.725717941938494648e-01 3.322708410160365999e-02
1.384245395714872318e-01 1.773048751207947638e-01 3.405849271376037990e-02
1.420609032078508360e-01 1.820410443026648784e-01 3.488735157391651548e-02
1.456972668442144681e-01 1.867714096047737582e-01 3.571379303463707161e-02
1.493336304805781001e-01 1.915003902940260461e-01 3.653910850439498481e-02
1.529699941169417043e-01 1.962161877525748221e-01 3.736447988465306513e-02
1.566063577533053641e-01 2.009291365667533746e-01 3.819017914737336816e-02
1.602427213896689961e-01 2.056207551437533310e-01 3.901537933245873002e-02
1.638790850260326559e-01 2.102859606438448326e-01 3.984085870455388728e-02
1.675154486623962879e-01 2.149278964639285694e-01 4.066634498892263139e-02
1.711518122987599477e-01 2.195655929059598388e-01 4.149124189892763881e-02
1.747881759351235798e-01 2.242024487290966150e-01 4.231512160049679533e-02
1.784245395714872395e-01 2.288407976682795553e-01 4.313796261338748161e-02
1.820609032078508716e-01 2.334832185615408340e-01 4.396103302382037975e-02
1.856972668442145313e-01 2.381250913613505715e-01 4.478301950363186568e-02
1.893336304805781634e-01 2.427771216878709393e-01 4.560594876758758409e-02
1.929699941169418231e-01 2.474320625255404527e-01 4.642865266806088520e-02
1.966063577533054552e-01 2.520848035087491779e-01 4.725219081456324965e-02
2.002427213896690872e-01 2.567285263420008845e-01 4.807245621771282645e-02
2.038790850260327470e-01 2.613661358285502834e-01 4.889038732888523892e-02
2.075154486623963790e-01 2.659970375711511736e-01 4.970752665144349824e-02
2.111518122987600388e-01 2.706196569771449068e-01 5.052319198715405496e-02
2.147881759351236708e-01 2.752289360082493808e-01 5.133787509968740920e-02
2.184245395714873306e-01 2.798354529163687987e-01 5.215009510417498856e-02
2.220609032078509626e-01 2.844560380566208413e-01 5.295839602715756572e-02
2.256972668442146224e-01 2.890873588029500008e-01 5.376318174718852649e-02
2.293336304805782544e-01 2.937197917756718124e-01 5.456759102280033663e-02
2.329699941169419142e-01 2.983481249309845595e-01 5.537094206718032319e-02
2.366063577533055462e-01 3.029728534146227115e-01 5.617206192528360204e-02
2.402427213896692060e-01 3.076002277912648353e-01 5.697144589887672556e-02
2.438790850260328380e-01 3.122279831014035945e-01 5.776976885493709940e-02
2.475154486623964978e-01 3.168508651626443795e-01 5.856675749282570093e-02
2.511518122987601576e-01 3.214600276536827561e-01 5.936036732204055810e-02
2.547881759351237618e-01 3.260631873179646867e-01 6.015249098802111921e-02
2.584245395714874216e-01 3.306661102042152689e-01 6.094380600722099778e-02
2.620609032078510814e-01 3.352751295938491416e-01 6.173235857001260762e-02
2.656972668442147412e-01 3.399048885402535802e-01 6.251815909485215761e-02
2.693336304805783454e-01 3.445331721132013358e-01 6.329903241975469441e-02
2.729699941169420052e-01 3.491611577618587425e-01 6.407755987064130132e-02
2.766063577533056650e-01 3.537867267587569420e-01 6.485345153913411875e-02
2.802427213896693248e-01 3.584302313038685295e-01 6.562577491815634045e-02
2.838790850260329290e-01 3.631051553269369903e-01 6.639464859221455573e-02
2.875154486623965888e-01 3.677801777941078210e-01 6.716072270446184211e-02
2.911518122987602486e-01 3.724464691670573702e-01 6.792280750325026262e-02
2.947881759351239084e-01 3.771030750522690322e-01 6.868173653928269506e-02
2.984245395714875126e-01 3.817649274452444286e-01 6.943618714925264834e-02
3.020609032078511724e-01 3.864538358115350847e-01 7.018589511792677760e-02
3.056972668442148322e-01 3.911608334733677750e-01 7.093127991728358228e-02
3.093336304805784920e-01 3.958740726629392803e-01 7.167488572991800866e-02
3.129699941169420963e-01 4.005853063232597266e-01 7.241513437413726884e-02
3.166063577533057560e-01 4.052829133948450124e-01 7.314862679864896078e-02
3.202427213896694158e-01 4.099841001753535830e-01 7.387700930409683842e-02
3.238790850260330201e-01 4.146911472051728054e-01 7.460156295691593165e-02
3.275154486623966243e-01 4.194010063136911493e-01 7.532200715373189859e-02
3.311518122987602841e-01 4.241312238775184484e-01 7.603582950306066179e-02
3.347881759351238884e-01 4.288862771524801776e-01 7.674372477659081870e-02
3.384245395714874372e-01 4.336590879419924272e-01 7.744693509497270478e-02
3.420609032078510414e-01 4.384228222348089954e-01 7.814769947631683422e-02
3.456972668442146457e-01 4.431842771125438785e-01 7.884564575260995245e-02
3.493336304805782500e-01 4.479345577068580275e-01 7.953862089299336413e-02
3.529699941169419097e-01 4.526893775595857150e-01 8.022561477786789574e-02
3.566063577533055140e-01 4.574470729927572754e-01 8.090839731745849694e-02
3.602427213896691183e-01 4.621929977463412609e-01 8.158623671878324768e-02
3.638790850260327225e-01 4.669365841522053473e-01 8.226139130826268242e-02
3.675154486623963268e-01 4.716592740785185423e-01 8.293290788909211952e-02
3.711518122987599866e-01 4.763747817083178737e-01 8.360085798908879762e-02
3.747881759351235909e-01 4.811333133855846822e-01 8.426337911242530454e-02
3.784245395714871951e-01 4.859341054477385180e-01 8.492094378703683721e-02
3.820609032078507994e-01 4.907485682312714426e-01 8.557580671910576531e-02
3.856972668442144037e-01 4.955767007167289351e-01 8.622782042351036236e-02
3.893336304805780079e-01 5.004154119354727870e-01 8.687611806117555291e-02
3.929699941169416122e-01 5.052365755404704117e-01 8.752013744035090637e-02
3.966063577533052165e-01 5.100603604475278940e-01 8.815845909309608097e-02
4.002427213896687652e-01 5.148972386876314866e-01 8.879310945628270113e-02
4.038790850260324250e-01 5.197175440872091601e-01 8.942463480623676075e-02
4.075154486623960848e-01 5.245278164862011705e-01 9.005291498473891321e-02
4.111518122987596335e-01 5.293220518592145485e-01 9.067715427838866915e-02
4.147881759351232933e-01 5.341029327443155283e-01 9.129928408855170208e-02
4.184245395714868421e-01 5.388876520647533086e-01 9.191851311386427248e-02
4.220609032078505019e-01 5.437031145734363413e-01 9.253204818535269716e-02
4.256972668442141616e-01 5.486205526841088087e-01 9.314176115692875124e-02
4.293336304805777104e-01 5.535617012110625179e-01 9.374934024568609692e-02
4.329699941169413702e-01 5.585066647455265709e-01 9.435477483453812153e-02
4.366063577533049189e-01 5.634454058166358248e-01 9.495789012286409703e-02
4.402427213896685787e-01 5.683766145855599916e-01 9.555683899241422530e-02
4.438790850260321830e-01 5.733289615047656440e-01 9.615163774088331117e-02
4.475154486623957317e-01 5.782586977413752827e-01 9.674078970411220668e-02
4.511518122987593915e-01 5.831729505027168914e-01 9.732490684534096659e-02
4.547881759351229403e-01 5.881122855640370517e-01 9.790275264096380547e-02
4.584245395714866000e-01 5.930462535844750471e-01 9.847975953894204382e-02
4.620609032078501488e-01 5.979873010990933713e-01 9.905327999417763707e-02
4.656972668442138086e-01 6.029395851156180708e-01 9.962403062255979769e-02
4.693336304805774684e-01 6.078953493865166813e-01 1.001921001927837396e-01
4.729699941169410171e-01 6.130679453367807730e-01 1.007391614035474670e-01
4.766063577533046769e-01 6.183255575019944716e-01 1.012774415705152281e-01
4.802427213896682257e-01 6.235835529318271009e-01 1.018125651398961162e-01
4.838790850260318854e-01 6.288372696093806891e-01 1.023436398895267996e-01
4.875154486623954897e-01 6.342771804733735586e-01 1.028612373188511064e-01
4.911518122987590940e-01 6.396539354426588053e-01 1.033824839325517275e-01
4.947881759351226982e-01 6.450334369977456239e-01 1.039016340145999390e-01
4.984245395714863025e-01 6.504296382698462331e-01 1.044168150116224908e-01
5.020609032078499068e-01 6.558326320937246656e-01 1.049298437569182729e-01
5.056972668442135666e-01 6.612392085543957743e-01 1.054399050979832886e-01
5.093336304805771153e-01 6.666495566420319596e-01 1.059485857086156085e-01
5.129699941169407751e-01 6.722071108360849756e-01 1.064399245255855664e-01
5.166063577533043238e-01 6.778220160117506277e-01 1.069226591170712032e-01
5.202427213896679836e-01 6.834371055168996234e-01 1.074031847370782444e-01
5.238790850260316434e-01 6.890560277658765997e-01 1.078808978216083680e-01
5.275154486623951922e-01 6.947918135789697969e-01 1.083444497545992674e-01
5.311518122987588519e-01 7.004606872879112212e-01 1.088104993971294315e-01
5.347881759351224007e-01 7.060073916216511591e-01 1.092566548166753609e-01
5.384245395714860605e-01 7.115514850790107815e-01 1.096986322337640402e-01
5.420609032078496092e-01 7.170893405352274375e-01 1.101401173684413565e-01
5.456972668442132690e-01 7.226223881901119306e-01 1.105814633498535537e-01
5.493336304805769288e-01 7.280877038235958887e-01 1.110141242268142814e-01
5.529699941169404775e-01 7.335533521489416842e-01 1.114495263278380138e-01
5.566063577533041373e-01 7.390962511183680750e-01 1.118695983806922006e-01
5.602427213896676861e-01 7.446873692736823980e-01 1.122811573869418877e-01
5.638790850260313459e-01 7.502517484387729585e-01 1.126913587607957790e-01
5.675154486623948946e-01 7.558109732867802633e-01 1.131008609652667946e-01
5.711518122987585544e-01 7.613975831689999696e-01 1.135014330135985100e-01
5.747881759351221032e-01 7.669776379208523842e-01 1.139011548840564436e-01
5.784245395714857629e-01 7.725744792673130412e-01 1.143021807535974654e-01
5.820609032078493117e-01 7.781593570208474864e-01 1.147008371545404359e-01
5.856972668442129715e-01 7.837549588175714010e-01 1.150976428945813951e-01
5.893336304805765202e-01 7.894849260399507962e-01 1.154685746719930350e-01
5.929699941169401800e-01 7.952557895974975422e-01 1.158232680629457806e-01
5.966063577533037288e-01 8.010170432274612562e-01 1.161781603893614762e-01
6.002427213896673885e-01 8.067735718917116161e-01 1.165336534724928375e-01
6.038790850260309373e-01 8.126292232533005588e-01 1.168463936361180400e-01
6.075154486623945971e-01 8.184139588902772378e-01 1.171465161197009358e-01
6.111518122987582569e-01 8.241782552356915481e-01 1.174261322857079182e-01
6.147881759351218056e-01 8.299477852299265157e-01 1.177041410351535311e-01
6.184245395714854654e-01 8.357279983100124321e-01 1.179809058665277771e-01
6.220609032078490142e-01 8.415076574059826564e-01 1.182578215600646465e-01
6.256972668442126739e-01 8.472942919698267517e-01 1.185341384206985010e-01
6.293336304805763337e-01 8.529938515899961882e-01 1.187982978180611021e-01
6.329699941169398825e-01 8.586526138627506022e-01 1.190652425267545028e-01
6.366063577533035422e-01 8.643088046755927900e-01 1.193308392609713775e-01
6.402427213896670910e-01 8.702356239620894218e-01 1.195652219287673956e-01
6.438790850260308618e-01 8.761705080753724451e-01 1.197962338718837200e-01
6.475154486623944106e-01 8.821554611100472787e-01 1.200216091127749851e-01
6.511518122987581814e-01 8.881197920899435161e-01 1.202466113702568978e-01
6.547881759351218411e-01 8.940657856126438263e-01 1.204665283548803090e-01
6.584245395714855009e-01 8.999843439796866296e-01 1.206899983993541259e-01
6.620609032078492717e-01 9.059043559879740304e-01 1.209151561354411403e-01
6.656972668442128205e-01 9.118199404246225548e-01 1.211414683359993555e-01
6.693336304805765913e-01 9.177429028025332336e-01 1.213673141443898096e-01
6.729699941169402511e-01 9.236552838861519232e-01 1.215908718176575976e-01
6.766063577533039108e-01 9.294433314339753949e-01 1.217972034131469816e-01
6.802427213896675706e-01 9.353142794395850057e-01 1.219977549953420171e-01
6.838790850260312304e-01 9.412383196047331424e-01 1.221944694135347897e-01
6.875154486623950012e-01 9.471147839984100925e-01 1.223964477749192176e-01
6.911518122987586610e-01 9.529936564057164272e-01 1.225974909718857697e-01
6.947881759351223208e-01 9.588705755159440125e-01 1.228005588632604811e-01
6.984245395714859805e-01 9.647719327012268531e-01 1.230043842717909452e-01
7.020609032078496403e-01 9.706762858329963661e-01 1.232078521673282689e-01
7.056972668442134111e-01 9.765750873640119956e-01 1.234090660892349922e-01
7.093336304805770709e-01 9.824514464256003388e-01 1.236078726667850930e-01
7.129699941169407307e-01 9.883273579866286296e-01 1.238002097591892198e-01
7.166063577533043905e-01 9.942086805752845535e-01 1.239868329232008820e-01
7.202427213896680502e-01 1.000020210376691754e+00 1.241743263350629095e-01
7.238790850260318210e-01 1.005701198790193152e+00 1.243526041267017795e-01
7.275154486623954808e-01 1.011333940825398070e+00 1.245246834968022770e-01
7.311518122987591406e-01 1.016950611125908788e+00 1.246939892752266799e-01
7.347881759351228004e-01 1.022580077250550001e+00 1.248630279000042670e-01
7.384245395714864602e-01 1.028203554144537346e+00 1.250313149420998193e-01
7.420609032078502310e-01 1.033895002293370391e+00 1.251996256272498442e-01
7.456972668442138907e-01 1.039600955555785022e+00 1.253670951772373476e-01
7.493336304805775505e-01 1.045307200693775584e+00 1.255341922020083156e-01
7.529699941169412103e-01 1.050982647798836656e+00 1.257004766274957275e-01
7.566063577533048701e-01 1.056506268916529434e+00 1.258598881281309811e-01
7.602427213896686409e-01 1.062027417438201837e+00 1.260181608409527976e-01
7.638790850260323007e-01 1.067545981828136537e+00 1.261754313717811382e-01
7.675154486623959604e-01 1.073070542532667204e+00 1.263323983277673257e-01
7.711518122987596202e-01 1.078585269582527539e+00 1.264887881870149222e-01
7.747881759351232800e-01 1.084093600536891966e+00 1.266468565429200166e-01
7.784245395714870508e-01 1.089614987622252729e+00 1.268063811756512116e-01
7.820609032078507106e-01 1.095155757838518706e+00 1.269668374570549763e-01
7.856972668442143704e-01 1.100733826887529077e+00 1.271281625664525128e-01
7.893336304805780301e-01 1.106355005786886503e+00 1.272882164701329422e-01
7.929699941169416899e-01 1.111982347185506370e+00 1.274458555707385643e-01
7.966063577533053497e-01 1.117615686463529601e+00 1.276021710863555203e-01
8.002427213896691205e-01 1.123245497081871269e+00 1.277577978629069466e-01
8.038790850260327803e-01 1.128866787192848387e+00 1.279129048931420820e-01
8.075154486623964400e-01 1.134449089589670390e+00 1.280637206119972227e-01
8.111518122987600998e-01 1.140035663989158676e+00 1.282130640454882953e-01
8.147881759351237596e-01 1.145593532654584079e+00 1.283610750103955089e-01
8.184245395714875304e-01 1.151159375356313852e+00 1.285069049638250527e-01
8.220609032078511902e-01 1.156725334706325103e+00 1.286519452276425335e-01
8.256972668442148500e-01 1.162286039789121483e+00 1.287962691202227394e-01
8.293336304805785097e-01 1.167843643111899921e+00 1.289397384122344670e-01
8.329699941169421695e-01 1.173407142967609618e+00 1.290834965629526487e-01
8.366063577533059403e-01 1.178969630426953463e+00 1.292266958881197469e-01
8.402427213896696001e-01 1.184556853206195637e+00 1.293678389571989440e-01
8.438790850260332599e-01 1.190118704954251871e+00 1.295045116129912854e-01
8.475154486623969197e-01 1.195670200111142556e+00 1.296401676190469532e-01
8.511518122987605794e-01 1.201212724052886927e+00 1.297761616068014712e-01
8.547881759351243502e-01 1.206763866942169194e+00 1.299130784831961094e-01
8.584245395714880100e-01 1.212281193947820412e+00 1.300474676859496581e-01
8.620609032078516698e-01 1.217719067242709174e+00 1.301762474625737520e-01
8.656972668442153296e-01 1.223146268931634806e+00 1.303053395036374018e-01
8.693336304805789894e-01 1.228600883673962807e+00 1.304345259761606202e-01
8.729699941169427602e-01 1.234080010527993876e+00 1.305617411108066506e-01
8.766063577533064199e-01 1.239563276877716058e+00 1.306886037684976964e-01
8.802427213896700797e-01 1.245024442142382837e+00 1.308138858809233807e-01
8.838790850260337395e-01 1.250493288215295706e+00 1.309378765812297951e-01
8.875154486623972883e-01 1.255946702671640658e+00 1.310601494236344200e-01
8.911518122987611701e-01 1.261404602971740507e+00 1.311820480005453371e-01
8.947881759351248299e-01 1.266845376193567629e+00 1.313022201520710197e-01
8.984245395714884896e-01 1.272263386139414365e+00 1.314208776989969352e-01
9.020609032078521494e-01 1.277665037327875286e+00 1.315390542073134050e-01
9.056972668442156982e-01 1.283041564871550078e+00 1.316560999553949285e-01
9.093336304805795800e-01 1.288416508955105622e+00 1.317730560400067474e-01
9.129699941169432398e-01 1.293772022898779905e+00 1.318888212206619781e-01
9.166063577533068996e-01 1.299103316389516483e+00 1.320030677131581731e-01
9.202427213896704483e-01 1.304422550037615869e+00 1.321170742828663980e-01
9.238790850260341081e-01 1.309717199955912514e+00 1.322299294330821495e-01
9.275154486623979899e-01 1.315013719635618417e+00 1.323428213151362776e-01
9.311518122987616497e-01 1.320312863848883467e+00 1.324553225278372603e-01
9.347881759351253095e-01 1.325575154654538235e+00 1.325653716965307927e-01
9.384245395714888582e-01 1.330839320591868491e+00 1.326758483009164158e-01
9.420609032078525180e-01 1.336110858606432972e+00 1.327869166450157956e-01
9.456972668442163998e-01 1.341396244625905787e+00 1.328987474750894238e-01
9.493336304805800596e-01 1.346701678619232068e+00 1.330100493649115367e-01
9.529699941169436084e-01 1.352026884219885261e+00 1.331202534386482506e-01
9.566063577533072682e-01 1.357334572385149984e+00 1.332292757148797191e-01
9.602427213896709279e-01 1.362640069933356290e+00 1.333377373437740487e-01
9.638790850260348098e-01 1.367945608506759392e+00 1.334454012227398456e-01
9.675154486623984695e-01 1.373248971081097558e+00 1.335527110074107293e-01
9.711518122987620183e-01 1.378553998514432610e+00 1.336596629748307563e-01
9.747881759351256781e-01 1.383869556952088242e+00 1.337666745824464820e-01
9.784245395714895599e-01 1.389188722370932494e+00 1.338732503136513818e-01
9.820609032078532197e-01 1.394504229431609454e+00 1.339795565550560841e-01
9.856972668442167684e-01 1.399811959928564109e+00 1.340857028202339096e-01
9.893336304805804282e-01 1.405114664942529679e+00 1.341913607127973029e-01
9.929699941169440880e-01 1.410420459771992929e+00 1.342963826602386890e-01
9.966063577533079698e-01 1.415758221351462565e+00 1.343981450294368940e-01
1.000242721389671630e+00 1.421146140850061412e+00 1.344965658321847779e-01
1.003879085026035289e+00 1.426543602924398302e+00 1.345954899933063664e-01
1.007515448662398949e+00 1.431948806818246211e+00 1.346936676891383466e-01
1.011151812298762609e+00 1.437365506034748552e+00 1.347907598240162819e-01
1.014788175935126269e+00 1.442791919011983559e+00 1.348871042213661275e-01
1.018424539571489928e+00 1.448231425682914519e+00 1.349823424548664552e-01
1.022060903207853588e+00 1.453675010501977338e+00 1.350770419249525955e-01
1.025697266844217248e+00 1.459106037494272812e+00 1.351698381752532707e-01
1.029333630480580908e+00 1.464524557043402897e+00 1.352603307698213575e-01
1.032969994116944790e+00 1.469949831078037006e+00 1.353498381996157129e-01
1.036606357753308449e+00 1.475373093059080043e+00 1.354383055953502779e-01
1.040242721389672109e+00 1.480738034155803629e+00 1.355223343266735714e-01
1.043879085026035769e+00 1.486257698776558334e+00 1.356009613884732734e-01
1.047515448662399429e+00 1.491904535511770158e+00 1.356735332029344321e-01
1.051151812298763089e+00 1.497731639414364491e+00 1.357337934280872793e-01
1.054788175935126748e+00 1.503821180577042504e+00 1.357798036714945866e-01
1.058424539571490408e+00 1.509821912508979125e+00 1.358291763169272859e-01
1.062060903207854068e+00 1.515709860132137710e+00 1.358829030210527700e-01
1.065697266844217728e+00 1.521595615106321242e+00 1.359350843265349218e-01
1.069333630480581609e+00 1.527548550650523307e+00 1.359774655444299651e-01
1.072969994116945269e+00 1.533525756552494235e+00 1.360178581889148475e-01
1.076606357753308929e+00 1.539533348233660393e+00 1.360553436974274444e-01
1.080242721389672589e+00 1.545546447171438631e+00 1.360917528300420731e-01
1.083879085026036027e+00 1.551422059066732473e+00 1.361344602534128589e-01
1.087515448662399908e+00 1.557243302496606585e+00 1.361785311777245211e-01
1.091151812298763568e+00 1.562919472666697951e+00 1.362050841021082426e-01
1.094788175935127228e+00 1.568594861926601247e+00 1.362305340000423970e-01
1.098424539571490888e+00 1.574331164967991414e+00 1.362601393686365125e-01
1.102060903207854548e+00 1.580075037546006422e+00 1.362905439538587560e-01
1.105697266844218429e+00 1.585811100093367898e+00 1.363199395408704051e-01
1.109333630480582089e+00 1.591526986066190918e+00 1.363493570972984792e-01
1.112969994116945749e+00 1.597240253443459324e+00 1.363773019045908808e-01
1.116606357753309187e+00 1.602964938908212122e+00 1.363872104872779489e-01
1.120242721389672846e+00 1.608805140150611823e+00 1.363863490407270229e-01
1.123879085026036728e+00 1.614816063256282019e+00 1.363860606622076532e-01
1.127515448662400388e+00 1.620839739016186387e+00 1.363850915467441638e-01
1.131151812298764048e+00 1.626846137653138680e+00 1.363797542387908679e-01
1.134788175935127708e+00 1.632871254268889905e+00 1.363515664221831569e-01
1.138424539571491367e+00 1.638971082329669260e+00 1.363145277101210917e-01
1.142060903207855249e+00 1.645168117108781969e+00 1.362842281823788138e-01
1.145697266844218909e+00 1.651389179615709857e+00 1.362663365507325031e-01
1.149333630480582347e+00 1.657631237835681004e+00 1.362470883313044168e-01
1.152969994116946006e+00 1.663895791736900387e+00 1.362222223903202523e-01
1.156606357753309666e+00 1.670104114710623922e+00 1.361888178962835372e-01
1.160242721389673548e+00 1.676448265262054926e+00 1.361349678568164467e-01
1.163879085026037208e+00 1.689523354975387637e+00 1.355033224782289381e-01
1.167515448662400868e+00 1.696215695452814254e+00 1.355914069826930912e-01
1.171151812298764527e+00 1.702421475538823392e+00 1.356274575405023719e-01
1.174788175935128187e+00 1.708714521214676596e+00 1.356315290304843102e-01
1.178424539571492069e+00 1.716105461585586189e+00 1.355775615521836452e-01
1.182060903207855507e+00 1.732038045587917852e+00 1.347843134141571697e-01
1.185697266844219167e+00 1.739685952658394097e+00 1.348527415063792700e-01
1.189333630480582826e+00 1.747003223571114594e+00 1.348721815815539515e-01
1.192969994116946486e+00 1.755163658665741311e+00 1.347989122172133791e-01
1.196606357753310368e+00 1.763667123906773382e+00 1.346921165977785495e-01
1.200242721389674028e+00 1.979804892948426209e+00 1.095258936861087662e-01
1.203879085026037687e+00 1.988845497560602027e+00 1.098452508573684178e-01
1.207515448662401347e+00 1.998016040642090152e+00 1.101538247126283288e-01
1.211151812298765007e+00 2.007428660681926935e+00 1.104477282855156894e-01
1.214788175935128667e+00 2.016926863645531309e+00 1.107335407469896560e-01
1.218424539571492327e+00 2.026496175941597588e+00 1.110140193453244412e-01
1.222060903207855986e+00 2.035956290343995168e+00 1.113050563063619491e-01
1.225697266844219646e+00 2.045551849890868912e+00 1.115846111392071877e-01
1.229333630480583306e+00 2.055220881800256194e+00 1.118544817201077984e-01
1.232969994116947188e+00 2.064852670284411662e+00 1.121018871882719509e-01
1.236606357753310848e+00 2.074507035370285024e+00 1.123300321443048977e-01
1.240242721389674507e+00 2.084248111537129411e+00 1.125389922119063579e-01
1.243879085026038167e+00 2.094187400526742238e+00 1.127277160802969413e-01
1.247515448662401827e+00 2.104394735663221550e+00 1.128886863159173776e-01
1.251151812298765487e+00 2.114914986948443154e+00 1.130171502951460155e-01
1.254788175935129146e+00 2.125907926670043580e+00 1.130896178418431125e-01
1.258424539571492806e+00 2.138930520202195762e+00 1.129497298907825575e-01
1.262060903207856466e+00 2.156610070708137261e+00 1.123376161951368940e-01
1.265697266844220348e+00 2.172809325493842980e+00 1.118982208120181676e-01
1.269333630480584008e+00 2.190573342223631759e+00 1.113277531763182254e-01
1.272969994116947667e+00 2.213989658425786988e+00 1.102470440106862182e-01
1.276606357753311105e+00 2.231723328986556787e+00 1.097550143773067116e-01
1.280242721389674765e+00 2.252182962741114736e+00 1.090537599092619575e-01
1.283879085026038203e+00 2.275700383504599245e+00 1.081354867054194341e-01
1.287515448662401640e+00 2.297955085012618248e+00 1.074061633672618171e-01
1.291151812298765300e+00 2.316872724544399187e+00 1.069359754274013391e-01
1.294788175935128738e+00 2.333547524888819780e+00 1.066271431680947956e-01
1.298424539571492398e+00 2.349603167351720590e+00 1.063915296871286859e-01
1.302060903207855835e+00 2.364140057841034981e+00 1.063093263920583259e-01
1.305697266844219495e+00 2.380980756827378197e+00 1.061071403354189729e-01
1.309333630480582933e+00 2.704836110171178198e+00 8.965640537997732196e-02
1.312969994116946593e+00 2.796963184712902173e+00 8.545861351017274010e-02
1.316606357753310252e+00 2.813339313540923037e+00 8.524450287544746430e-02
1.320242721389673690e+00 2.843200101302139515e+00 8.423826374956851215e-02
1.323879085026037128e+00 2.872017748273094639e+00 8.326998945464898771e-02
1.327515448662400788e+00 2.889717981505541378e+00 8.288837506407985278e-02
1.331151812298764225e+00 2.913238428761862231e+00 8.212989528192984889e-02
1.334788175935127663e+00 2.937117292268207613e+00 8.124759860599391204e-02
1.338424539571491323e+00 3.515880165732420348e+00 1.713705567361909973e-02
1.342060903207854761e+00 3.530869485470349733e+00 1.692492360356491130e-02
1.345697266844218420e+00 3.548328922128762830e+00 1.646939043610519057e-02
1.349333630480581858e+00 3.566364150511764031e+00 1.596701359662033859e-02
1.352969994116945518e+00 3.584857216138225500e+00 1.543908256793819281e-02
1.356606357753308956e+00 3.604252856026339380e+00 1.485092982353530822e-02
1.360242721389672615e+00 3.623865860373965742e+00 1.426209055410816717e-02
1.363879085026036275e+00 3.643338131717757111e+00 1.369937755133873031e-02
1.367515448662399713e+00 3.661277921049937323e+00 1.330495679674075123e-02
1.371151812298763151e+00 3.684363877693777489e+00 1.257381772148684698e-02
1.374788175935126811e+00 3.701957615260845991e+00 1.224576158038238362e-02
1.378424539571490248e+00 3.720514499057867130e+00 1.186946248856747370e-02
1.382060903207853908e+00 3.739070648338152392e+00 1.149245003212659953e-02
1.385697266844217346e+00 3.756312811754646486e+00 1.118217165098852293e-02
1.389333630480580783e+00 3.773107116205662859e+00 1.090471754192660035e-02
1.392969994116944443e+00 3.790088859746350902e+00 1.061169997030866723e-02
1.396606357753307881e+00 3.807117414345465800e+00 1.031434902053378171e-02
1.400242721389671319e+00 3.824192422910718037e+00 1.001264960485763640e-02
1.403879085026034979e+00 3.840528974685617047e+00 9.766984716122483617e-03
1.407515448662398638e+00 3.856726677446816076e+00 9.532870947727149075e-03
1.411151812298762076e+00 3.873006389886766154e+00 9.289924642540393906e-03
1.414788175935125736e+00 3.889413315069063071e+00 9.033632421543109220e-03
1.418424539571489174e+00 3.905664078054665200e+00 8.786293623732160246e-03
1.422060903207852833e+00 3.921332243213302426e+00 8.574604352026669526e-03
1.425697266844216271e+00 3.937065470752802110e+00 8.358994672590467495e-03
1.429333630480579931e+00 3.952850301184373194e+00 8.139315445928312770e-03
1.432969994116943369e+00 3.968612492407288528e+00 7.921311613531050941e-03
1.436606357753306806e+00 3.984488177570082890e+00 7.698594889501078273e-03
1.440242721389670466e+00 4.000324812185855450e+00 7.484998192105431908e-03
