0.000000000000000000e+00 0.000000000000000000e+00 -0.000000000000000000e+00
5.091882970077104414e-02 6.795266821439019389e-02 2.776695610754111379e-02
1.054642842462255869e-01 1.329781478566646191e-01 5.265507638661041934e-02
1.600097387916801506e-01 2.004511306337387055e-01 7.384734791508362761e-02
2.145551933371346587e-01 2.679602003661381571e-01 9.147777737941754916e-02
2.691006478825892501e-01 3.344206027549296301e-01 1.065215372638767949e-01
3.236461024280437582e-01 3.995382192760555395e-01 1.199266705419724383e-01
3.781915569734983218e-01 4.634771906689950649e-01 1.317003704586027502e-01
4.327370115189529409e-01 5.265541566572781162e-01 1.418538095676003530e-01
4.872824660644074490e-01 5.888628381970353320e-01 1.514120970406675204e-01
5.418279206098620682e-01 6.536517477204781823e-01 1.593773706037434346e-01
5.963733751553166318e-01 7.210058175923802493e-01 1.656533168913965071e-01
6.509188297007710844e-01 7.910219269456404412e-01 1.701505712836783035e-01
7.054642842462256480e-01 8.610206939331054299e-01 1.737122602978484198e-01
7.600097387916803227e-01 9.307868229576153896e-01 1.762600702867189173e-01
8.145551933371347753e-01 9.966929250874230206e-01 1.780485478340608496e-01
8.691006478825893389e-01 1.061241545231356165e+00 1.797029074588241404e-01
9.236461024280440135e-01 1.126107038713658248e+00 1.812186727324401891e-01
9.781915569734985771e-01 1.191703143625379768e+00 1.826390816640359738e-01
1.032737011518953141e+00 1.256943284738029076e+00 1.840193127277620078e-01
1.087282466064407815e+00 1.321964706559205283e+00 1.853541173594286939e-01
1.141827920609862268e+00 1.392394436572957028e+00 1.863010971465183241e-01
1.196373375155316721e+00 1.464046922467715062e+00 1.871166335398445346e-01
1.250918829700771173e+00 1.533261366661647473e+00 1.877179834225556898e-01
1.305464284246225626e+00 1.601883248608925614e+00 1.883475031946604261e-01
1.360009738791679856e+00 1.671150429454115072e+00 1.889755571212716478e-01
1.414555193337134531e+00 1.740496899286428034e+00 1.896488142337712790e-01
1.469100647882588984e+00 1.810125786031389294e+00 1.902878316916185308e-01
1.523646102428043436e+00 1.880442226925610472e+00 1.907032463131369537e-01
1.578191556973497889e+00 1.950556801562845832e+00 1.911513459461766928e-01
1.632737011518952119e+00 2.026835567032503782e+00 1.912590204627213075e-01
1.687282466064406572e+00 2.100175791546041282e+00 1.914721841831949767e-01
1.741827920609861247e+00 2.171355459843318236e+00 1.917047064039020254e-01
1.796373375155315477e+00 2.242093433935720359e+00 1.919864319320749302e-01
1.850918829700769930e+00 2.303880093543138052e+00 1.919889673008823572e-01
1.905464284246224604e+00 2.364614688434383272e+00 1.919495843352267694e-01
1.960009738791678835e+00 2.422844215859006667e+00 1.918374163181817138e-01
2.014555193337133066e+00 2.480441019835029515e+00 1.917127860324260580e-01
2.069100647882588184e+00 2.538357065944865099e+00 1.916018262977139952e-01
2.123646102428042415e+00 2.595282152025201405e+00 1.914707639246713000e-01
2.178191556973496645e+00 2.652634812890172000e+00 1.913522842101864629e-01
2.232737011518950876e+00 2.708226516033269249e+00 1.911925944316913428e-01
2.287282466064405551e+00 2.763911734911822737e+00 1.910273169864565301e-01
2.341827920609860225e+00 2.819296631689148125e+00 1.908536753213044557e-01
2.396373375155314456e+00 2.874620923386843607e+00 1.906840123863241809e-01
2.450918829700769130e+00 2.929796023525624626e+00 1.905064096104137072e-01
2.505464284246223361e+00 2.984668116474881394e+00 1.903206055621088355e-01
2.560009738791677592e+00 3.039402452976247559e+00 1.901310227921596263e-01
2.614555193337132266e+00 3.094303746648269016e+00 1.899460242895763262e-01
2.669100647882586941e+00 3.149061257820970461e+00 1.897601047359800397e-01
2.723646102428041171e+00 3.201122899423437751e+00 1.895338550499270636e-01
2.778191556973495402e+00 3.253622732398917083e+00 1.892977659027068882e-01
2.832737011518950077e+00 3.305334368582010018e+00 1.890430579725346227e-01
2.887282466064404307e+00 3.356316018816570157e+00 1.887713578988531316e-01
2.941827920609858982e+00 3.408711129022844677e+00 1.884893223380093019e-01
2.996373375155313656e+00 3.462884884040807965e+00 1.881833917869816242e-01
3.050918829700767887e+00 3.515514114881868046e+00 1.879083002866400176e-01
3.105464284246222118e+00 3.558660522672268733e+00 1.875776606507071620e-01
3.160009738791676792e+00 3.600310007032392345e+00 1.872148207064069370e-01
3.214555193337131023e+00 3.643479185251522701e+00 1.868618925875973336e-01
3.269100647882585697e+00 3.687174908742282042e+00 1.865084656725230772e-01
3.323646102428039928e+00 3.733882879638240393e+00 1.861050265214301280e-01
3.378191556973494158e+00 3.789015379440340059e+00 1.855330712758370970e-01
3.432737011518948389e+00 3.844312452855301654e+00 1.849469185567786667e-01
3.487282466064403508e+00 3.899501842153608511e+00 1.843511463999323863e-01
3.541827920609858182e+00 3.954549682862642523e+00 1.837496741321231197e-01
3.596373375155312413e+00 4.009449481773068591e+00 1.831461112022327864e-01
3.650918829700766643e+00 4.064148879951607007e+00 1.825355510961791383e-01
3.705464284246220874e+00 4.118614728070460806e+00 1.819173672178567014e-01
3.760009738791675105e+00 4.118614728070460806e+00 1.791465391108302829e-01
3.814555193337129779e+00 4.155110752599613377e+00 1.793733895610155060e-01
3.869100647882584898e+00 4.208289977846242813e+00 1.789988716751574893e-01
3.923646102428039129e+00 4.208289977846242813e+00 1.703198818096932632e-01
3.978191556973493359e+00 4.208289977846242813e+00 1.714210200430898445e-01
4.032737011518947590e+00 4.208289977846242813e+00 1.560409600622627013e-01
4.087282466064402264e+00 4.208289977846242813e+00 1.579227929125580354e-01
4.141827920609856051e+00 4.208289977846242813e+00 1.534397741642156421e-01
4.196373375155311614e+00 4.232647225528563872e+00 1.444251764557036022e-01
4.250918829700765400e+00 4.339326221865995592e+00 1.422648094183242007e-01
4.305464284246220075e+00 4.477183934535950094e+00 1.318936472485456035e-01
4.360009738791674749e+00 4.578637839370760076e+00 1.310582532995579752e-01
4.414555193337128536e+00 4.671797524865007212e+00 1.323635826070673205e-01
4.469100647882584099e+00 4.791235162413959081e+00 1.285645667141550874e-01
4.523646102428038773e+00 4.934116928522668033e+00 1.189552394795213019e-01
4.578191556973494336e+00 5.071142999041124533e+00 1.102804709810200484e-01
4.632737011518949011e+00 5.173467602668591958e+00 1.098073534614644881e-01
4.687282466064403685e+00 5.274964942669829959e+00 1.096082998657863378e-01
4.741827920609858360e+00 5.384123662432989121e+00 1.077362282924939352e-01
4.796373375155313035e+00 5.503389798100226216e+00 1.047786112677719095e-01
4.850918829700768597e+00 5.674243140289682685e+00 9.251678997970796958e-02
4.905464284246223272e+00 5.841091387313549710e+00 8.062869482675412425e-02
4.960009738791678835e+00 5.950576146507524200e+00 7.982216640530945262e-02
5.014555193337133510e+00 6.113936997369786575e+00 6.922644981755547711e-02
