0.000000000000000000e+00 0.000000000000000000e+00 -0.000000000000000000e+00
1.585710221647887918e-03 7.290197881845375365e-03 4.779835735456003029e-04
3.185070477545528210e-03 8.196324476393932607e-03 9.546708070650184591e-04
4.784430733443169152e-03 9.104542071496598762e-03 1.430256337040535213e-03
6.383790989340810094e-03 1.001230824289047958e-02 1.904972128657664385e-03
7.983151245238451904e-03 1.108406220234998442e-02 2.376714533840825535e-03
9.582511501136092846e-03 1.309080289571700265e-02 2.845104680039966822e-03
1.118187175703373379e-02 1.509259196032604333e-02 3.308808446038166359e-03
1.278123201293137473e-02 1.709119106642429178e-02 3.768531874086795009e-03
1.438059226882901567e-02 1.908292421536434552e-02 4.225685227530927117e-03
1.597995252472665662e-02 2.106910623045071124e-02 4.680663566070045710e-03
1.757931278062429756e-02 2.306097627809391287e-02 5.134502297280128455e-03
1.917867303652193850e-02 2.505480672778273230e-02 5.587579899985021040e-03
2.077803329241957944e-02 2.705289309547138921e-02 6.037350551325737155e-03
2.237739354831721691e-02 2.905352185031446349e-02 6.483473231273708531e-03
2.397675380421485786e-02 3.105653368747809950e-02 6.926134042769617298e-03
2.557611406011249533e-02 3.306384350882777406e-02 7.364844468491294968e-03
2.717547431601013627e-02 3.505952405075471456e-02 7.798786731608183150e-03
2.877483457190777721e-02 3.705023547087449992e-02 8.231021488288017482e-03
3.037419482780541122e-02 3.904021861191454140e-02 8.662525881987371071e-03
3.197355508370305216e-02 4.103143968253981921e-02 9.091019862222693079e-03
3.357291533960068963e-02 4.302933407791448284e-02 9.517181472178800825e-03
3.517227559549832711e-02 4.502591783731148961e-02 9.941706492209993057e-03
3.677163585139597152e-02 4.702254178438729226e-02 1.036454162090276465e-02
3.837099610729360899e-02 4.905572867935783371e-02 1.078549700110183543e-02
3.997035636319124646e-02 5.113290343162402163e-02 1.120389136074052133e-02
4.156971661908889087e-02 5.320880422377730762e-02 1.161951372052160043e-02
4.316907687498652141e-02 5.530031351015902291e-02 1.203211827843249024e-02
4.476843713088416582e-02 5.739977345107859924e-02 1.244079816067892273e-02
4.636779738678180329e-02 5.949805005604063418e-02 1.284771231452079554e-02
4.796715764267944077e-02 6.159115952484557621e-02 1.325189391741900605e-02
4.956651789857707824e-02 6.368045531252415625e-02 1.365400815390899018e-02
5.116587815447472265e-02 6.576523269060199905e-02 1.405445287621489604e-02
5.276523841037236706e-02 6.784845313628204422e-02 1.445400622736330194e-02
5.436459866626999066e-02 6.992922790887960705e-02 1.485238605891739047e-02
5.596395892216763507e-02 7.201279032644455902e-02 1.524958414775604877e-02
5.756331917806527254e-02 7.410927048558092756e-02 1.564547580705330856e-02
5.916267943396291695e-02 7.620617814910657373e-02 1.603841106486096971e-02
6.076203968986055443e-02 7.830196140090128765e-02 1.643029761716558942e-02
6.236139994575819884e-02 8.039567412011325298e-02 1.682035591147496359e-02
6.396076020165582243e-02 8.249897475530590385e-02 1.720825419455693575e-02
6.556012045755346684e-02 8.459910785095217656e-02 1.759274697297344425e-02
6.715948071345111126e-02 8.669597767529331478e-02 1.797567153712850002e-02
6.875884096934875567e-02 8.879126320503860637e-02 1.835806991697410545e-02
7.035820122524638620e-02 9.088579947885200294e-02 1.873962645735710586e-02
7.195756148114403061e-02 9.298414316902470222e-02 1.912043644149409582e-02
7.355692173704166115e-02 9.507700180274791801e-02 1.949993789889314239e-02
7.515628199293930556e-02 9.716210105740338832e-02 1.987732489683375833e-02
7.675564224883694997e-02 9.924652754235357976e-02 2.025427171064202864e-02
7.835500250473458050e-02 1.013363917270685838e-01 2.063043832930421678e-02
7.995436276063223879e-02 1.034247479694138661e-01 2.100490510493615431e-02
8.155372301652986933e-02 1.055199926501968616e-01 2.137765982784947325e-02
8.315308327242751374e-02 1.076108207826644431e-01 2.174899759025404611e-02
8.475244352832514427e-02 1.097012246194179891e-01 2.212001326502597426e-02
8.635180378422278868e-02 1.117918340989724202e-01 2.249074872713350409e-02
8.795116404012043310e-02 1.138788726369249910e-01 2.286052268200336121e-02
8.955052429601806363e-02 1.159704920371595616e-01 2.322865237717445033e-02
9.114988455191570804e-02 1.180645356563166659e-01 2.359429519824993507e-02
9.274924480781333858e-02 1.201562742211809559e-01 2.395862831255438780e-02
9.434860506371098299e-02 1.222468210760282725e-01 2.432182950744639013e-02
9.594796531960862740e-02 1.243379564220659927e-01 2.468402930882003521e-02
9.754732557550627181e-02 1.264279171019621062e-01 2.504571547667086215e-02
9.914668583140390234e-02 1.285170650191274633e-01 2.540695122931223640e-02
1.007460460873015468e-01 1.306037912714021476e-01 2.576724412582311052e-02
1.023454063431991912e-01 1.326914867042948976e-01 2.612685194147845377e-02
1.039447665990968078e-01 1.347769182427707435e-01 2.648574465455003080e-02
1.055441268549944522e-01 1.368611944695282412e-01 2.684376213638435538e-02
1.071434871108920966e-01 1.389419417668809886e-01 2.720092852833964556e-02
1.087428473667897272e-01 1.410178148785205254e-01 2.755756968601331264e-02
1.103422076226873716e-01 1.430921904114307031e-01 2.791387516617706982e-02
1.119415678785850160e-01 1.451718601090844218e-01 2.826966841710093839e-02
1.135409281344826604e-01 1.472595229166473452e-01 2.862472203891732597e-02
1.151402883903802910e-01 1.493492580706838602e-01 2.897831678041075040e-02
1.167396486462779354e-01 1.514395733333308014e-01 2.933049425201455368e-02
1.183390089021755798e-01 1.535321200732821245e-01 2.968116585558272860e-02
1.199383691580732242e-01 1.556236340402461504e-01 3.003113413223447437e-02
1.215377294139708408e-01 1.577124932605383500e-01 3.038055487644843525e-02
1.231370896698684714e-01 1.597956928196021531e-01 3.072888883574403929e-02
1.247364499257661158e-01 1.618769685196313479e-01 3.107641400170792906e-02
1.263358101816637602e-01 1.639628721024104507e-01 3.142289017457128297e-02
1.279351704375613907e-01 1.660535052041803572e-01 3.176710611951497759e-02
1.295345306934590490e-01 1.681478762824246687e-01 3.210974329746231481e-02
1.311338909493566796e-01 1.702437682151483611e-01 3.245168932654171612e-02
1.327332512052543101e-01 1.723407900896277434e-01 3.279339441299727875e-02
1.343326114611519684e-01 1.744403457126140478e-01 3.313473908439258653e-02
1.359319717170495989e-01 1.765417426011926527e-01 3.347543690020208379e-02
1.375313319729472572e-01 1.786462189405949308e-01 3.381508195106494585e-02
1.391306922288448877e-01 1.807526695236039704e-01 3.415386817726347862e-02
1.407300524847425183e-01 1.828632392893014269e-01 3.449105251625861346e-02
1.423294127406401488e-01 1.849731506346216081e-01 3.482774162663137413e-02
1.439287729965377793e-01 1.870848170130583743e-01 3.516352486327918581e-02
1.455281332524354376e-01 1.891956420002373906e-01 3.549833188788156790e-02
1.471274935083330682e-01 1.913080483194470605e-01 3.583235182129993618e-02
1.487268537642306987e-01 1.934280932468215031e-01 3.616511679472252799e-02
1.503262140201283570e-01 1.955478435255597613e-01 3.649725715721480884e-02
1.519255742760259875e-01 1.976703169740952892e-01 3.682816853778775323e-02
1.535249345319236458e-01 1.997895265915176077e-01 3.715841835421188066e-02
1.551242947878212763e-01 2.019093499173431339e-01 3.748836821026461930e-02
1.567236550437189069e-01 2.040304668702184188e-01 3.781734105607372637e-02
1.583230152996165374e-01 2.061547354018588296e-01 3.814492436462663810e-02
1.599223755555141957e-01 2.082776363618000781e-01 3.847138239648358049e-02
1.615217358114118540e-01 2.104012384938741265e-01 3.879751453631013342e-02
1.631210960673095123e-01 2.125321999014057606e-01 3.912201171662766513e-02
1.647204563232071706e-01 2.146595814788652967e-01 3.944554520875285381e-02
1.663198165791048289e-01 2.167830717729287704e-01 3.976872422158306275e-02
1.679191768350024871e-01 2.189048820136190177e-01 4.009088343123763665e-02
1.695185370909001454e-01 2.210214424199146988e-01 4.041237137272636615e-02
1.711178973467978037e-01 2.231407361086817920e-01 4.073276717379714640e-02
1.727172576026954620e-01 2.252618649702630427e-01 4.105200684686347024e-02
1.743166178585931203e-01 2.273820985997209720e-01 4.137038257310861333e-02
1.759159781144907786e-01 2.295009002290827327e-01 4.168846140959426433e-02
1.775153383703884091e-01 2.316308508451398462e-01 4.200480778629780976e-02
1.791146986262860952e-01 2.337665740166016692e-01 4.232013772698698523e-02
1.807140588821837535e-01 2.359096539523611313e-01 4.263366617879620069e-02
1.823134191380813840e-01 2.380571705489381573e-01 4.294653126231517265e-02
1.839127793939790423e-01 2.402101125440453400e-01 4.325862150682804191e-02
1.855121396498767006e-01 2.423568575619031995e-01 4.356982875989478393e-02
1.871114999057743866e-01 2.444997321820655267e-01 4.387892457009665015e-02
1.887108601616720172e-01 2.466418176490463021e-01 4.418760321735579893e-02
1.903102204175696754e-01 2.487820884489639339e-01 4.449548629290452084e-02
1.919095806734673337e-01 2.509222229643051638e-01 4.480272963271508813e-02
1.935089409293649920e-01 2.530727581246348112e-01 4.510881576076260918e-02
1.951083011852626503e-01 2.552313123718090715e-01 4.541327780786404839e-02
1.967076614411603086e-01 2.573936201892678133e-01 4.571591530593443337e-02
1.983070216970579391e-01 2.595535873181314401e-01 4.601801582625322795e-02
1.999063819529556252e-01 2.617102770657822042e-01 4.631925709945019370e-02
2.015057422088532835e-01 2.638635179134369291e-01 4.661896300105728558e-02
2.031051024647509140e-01 2.660165612034285365e-01 4.691730771463505090e-02
2.047044627206486000e-01 2.681712275387245215e-01 4.721493404854665288e-02
2.063038229765462306e-01 2.703255906195851099e-01 4.751179224795761685e-02
2.079031832324439166e-01 2.724816367109241244e-01 4.780784395295458594e-02
2.095025434883415749e-01 2.746432125471246488e-01 4.810267680727654815e-02
2.111019037442392055e-01 2.768137891881835011e-01 4.839565626372160922e-02
2.127012640001368915e-01 2.789873194759856512e-01 4.868734492675162728e-02
2.143006242560345220e-01 2.811553975428661700e-01 4.897773989578035198e-02
2.158999845119321803e-01 2.833230029730298138e-01 4.926647995006140646e-02
2.174993447678298664e-01 2.854970034392551037e-01 4.955319425869114669e-02
2.190987050237274969e-01 2.876715704820889674e-01 4.983866183282389256e-02
2.206980652796251274e-01 2.898467970603397781e-01 5.012300505162078229e-02
2.222974255355228135e-01 2.920221071174523564e-01 5.040661762805066087e-02
2.238967857914204718e-01 2.941955217932057942e-01 5.068918227126848614e-02
2.254961460473181578e-01 2.963671980739420730e-01 5.097132727073253738e-02
2.270955063032157883e-01 2.985382078461351618e-01 5.125323130127909521e-02
2.286948665591134189e-01 3.007120874858786874e-01 5.153358197680925346e-02
2.302942268150111049e-01 3.028885011108238823e-01 5.181198364371504550e-02
2.318935870709087632e-01 3.050664346895826107e-01 5.208943056976872432e-02
2.334929473268063937e-01 3.072447447526671649e-01 5.236549558562437340e-02
2.350923075827040798e-01 3.094206903187514124e-01 5.264041333632191871e-02
2.366916678386017103e-01 3.115944245545399505e-01 5.291375921679022931e-02
2.382910280944993686e-01 3.137746351758307628e-01 5.318596989859708524e-02
2.398903883503970547e-01 3.159583954451520293e-01 5.345734188180623070e-02
2.414897486062946852e-01 3.181476228394912731e-01 5.372785265792966863e-02
2.430891088621923712e-01 3.203346700287286186e-01 5.399754472625882540e-02
2.446884691180900018e-01 3.225218503557886751e-01 5.426608124050789211e-02
2.462878293739876601e-01 3.247155490457063753e-01 5.453316200721348289e-02
2.478871896298853461e-01 3.269053449756127439e-01 5.479889576032499765e-02
2.494865498857829766e-01 3.290924024115009505e-01 5.506373582635457065e-02
2.510859101416806349e-01 3.312776032408758509e-01 5.532793999616221481e-02
2.526852703975783210e-01 3.334687819637913719e-01 5.559018657486942960e-02
2.542846306534759515e-01 3.356634506916698069e-01 5.585059592049134575e-02
2.558839909093735820e-01 3.378557092638788117e-01 5.610888360727524921e-02
2.574833511652712681e-01 3.400511215597659120e-01 5.636501893511226824e-02
2.590827114211688986e-01 3.422544481376609826e-01 5.661888555514242583e-02
2.606820716770665847e-01 3.444598003577735157e-01 5.687152669332781046e-02
2.622814319329642152e-01 3.466676058218572387e-01 5.712352596913684855e-02
2.638807921888619012e-01 3.488757990660518171e-01 5.737503935107610836e-02
2.654801524447595873e-01 3.510848800388128854e-01 5.762594432514060033e-02
2.670795127006572178e-01 3.532910412457143656e-01 5.787637697919059687e-02
2.686788729565548484e-01 3.554976367211385435e-01 5.812569641173680191e-02
2.702782332124525344e-01 3.577086830774912629e-01 5.837382833825018047e-02
2.718775934683501649e-01 3.599201726743423424e-01 5.862073199835708681e-02
2.734769537242478510e-01 3.621316315469171876e-01 5.886719400054064855e-02
2.750763139801454815e-01 3.643399543740346580e-01 5.911303092750003901e-02
2.766756742360431121e-01 3.665461149926954598e-01 5.935786052025637111e-02
2.782750344919407981e-01 3.687499548344489453e-01 5.960123675665286724e-02
2.798743947478384841e-01 3.709539031317025670e-01 5.984323371389738133e-02
2.814737550037361147e-01 3.731560069947922331e-01 6.008389350894843134e-02
2.830731152596338007e-01 3.753602618652823741e-01 6.032348164938737545e-02
2.846724755155314313e-01 3.775644850136287145e-01 6.056242429835839713e-02
2.862718357714290618e-01 3.797720705902733473e-01 6.080026182551271502e-02
2.878711960273267478e-01 3.819833401672795281e-01 6.103712012064615999e-02
2.894705562832243784e-01 3.841904729216752412e-01 6.127312816544316226e-02
2.910699165391220644e-01 3.863959531090281341e-01 6.150789296827664787e-02
2.926692767950196949e-01 3.886020038363131590e-01 6.174204302447400261e-02
2.942686370509173810e-01 3.908146317081742094e-01 6.197559802061776424e-02
2.958679973068150670e-01 3.930254950025124927e-01 6.220820510723595181e-02
2.974673575627126976e-01 3.952314545485220432e-01 6.243932172923315899e-02
2.990667178186103281e-01 3.974345106989461973e-01 6.266912117252101955e-02
3.006660780745080142e-01 3.996313005517094785e-01 6.289739724941854904e-02
3.022654383304056447e-01 4.018262214750737971e-01 6.312542356196902682e-02
3.038647985863032752e-01 4.040191919441415425e-01 6.335275976221327321e-02
3.054641588422009613e-01 4.062213051083251591e-01 6.357870190361571139e-02
3.070635190980985918e-01 4.084293468568563346e-01 6.380357101570272027e-02
3.086628793539962778e-01 4.106420308826496668e-01 6.402730401976890195e-02
3.102622396098939639e-01 4.128615809417373050e-01 6.424985261241997203e-02
3.118615998657915944e-01 4.150805845423851115e-01 6.447185679767616917e-02
3.134609601216892805e-01 4.172974269445567930e-01 6.469316304932423711e-02
3.150603203775869110e-01 4.195125848198138496e-01 6.491403312682660076e-02
3.166596806334845415e-01 4.217268668967217859e-01 6.513463894971299739e-02
3.182590408893822276e-01 4.239389898109678922e-01 6.535482883382112695e-02
3.198584011452798581e-01 4.261508739497198439e-01 6.557388619351772752e-02
3.214577614011774886e-01 4.283680565069466484e-01 6.579202385929829033e-02
3.230571216570750637e-01 4.305866123942097001e-01 6.600974303267784227e-02
3.246564819129726942e-01 4.328060650542859822e-01 6.622678189668330939e-02
3.262558421688703247e-01 4.350204295622631112e-01 6.644225316182385266e-02
3.278552024247679553e-01 4.372337138065084949e-01 6.665699345481485016e-02
3.294545626806655858e-01 4.394445822239441690e-01 6.687130435140674345e-02
3.310539229365632163e-01 4.416543192385611327e-01 6.708528835232820120e-02
3.326532831924608469e-01 4.438603007088548491e-01 6.729859375210060779e-02
3.342526434483584219e-01 4.460656377721961552e-01 6.751110446990397917e-02
3.358520037042560524e-01 4.482721578593500400e-01 6.772332352465433580e-02
3.374513639601536830e-01 4.504760863958657269e-01 6.793438964552954429e-02
3.390507242160513135e-01 4.526763021063567871e-01 6.814421858896289874e-02
3.406500844719488885e-01 4.548757073517806782e-01 6.835277768897209116e-02
3.422494447278465191e-01 4.570776457622515720e-01 6.856049912123299284e-02
3.438488049837441496e-01 4.592815932330698847e-01 6.876745477336848600e-02
3.454481652396417801e-01 4.614839673349002136e-01 6.897352616455747210e-02
3.470475254955394107e-01 4.636867723287025900e-01 6.917871845231653161e-02
3.486468857514370412e-01 4.658876531477914584e-01 6.938342055897626925e-02
3.502462460073346717e-01 4.680873373730446985e-01 6.958779578116729148e-02
3.518456062632322467e-01 4.702852200967017060e-01 6.979161885363985296e-02
3.534449665191298773e-01 4.724840407017775745e-01 6.999504284692396883e-02
3.550443267750275078e-01 4.746803703420747755e-01 7.019780304150076422e-02
3.566436870309251383e-01 4.768731065332318386e-01 7.039967138721793527e-02
3.582430472868227134e-01 4.790636531827103251e-01 7.060085155584246153e-02
3.598424075427203994e-01 4.812580302917222053e-01 7.080168910433330687e-02
3.614417677986180299e-01 4.834511839464193939e-01 7.100226394010702990e-02
3.630411280545156050e-01 4.856414412573230033e-01 7.120254099841338835e-02
3.646404883104132355e-01 4.878316947284820904e-01 7.140222401027306043e-02
3.662398485663108660e-01 4.900199470801012147e-01 7.160133406765786801e-02
3.678392088222084966e-01 4.922157140929485086e-01 7.179980214126620297e-02
3.694385690781060716e-01 4.944140729584001193e-01 7.199782314853633847e-02
3.710379293340037576e-01 4.966126586738241477e-01 7.219555237902572364e-02
3.726372895899013327e-01 4.988095409063014185e-01 7.239292284975358538e-02
3.742366498457989632e-01 5.010026965186707981e-01 7.258929395512445093e-02
3.758360101016965937e-01 5.031933915349355857e-01 7.278516312177796266e-02
3.774353703575942243e-01 5.053820560839054066e-01 7.298075183470911775e-02
3.790347306134918548e-01 5.075661200660924743e-01 7.317567206130241864e-02
3.806340908693894298e-01 5.097481260794595181e-01 7.336986101877611410e-02
3.822334511252871159e-01 5.119264113632019386e-01 7.356349293068137341e-02
3.838328113811846909e-01 5.141024246303267375e-01 7.375663903509757646e-02
3.854321716370823214e-01 5.162765597770344606e-01 7.394907481453850961e-02
3.870315318929799520e-01 5.184498294456257872e-01 7.414068023265175944e-02
3.886308921488775825e-01 5.206224971508808252e-01 7.433185778574782909e-02
3.902302524047751575e-01 5.227957186000078416e-01 7.452246228009841433e-02
3.918296126606727880e-01 5.249672412479824413e-01 7.471266515903442207e-02
3.934289729165704186e-01 5.271396758083501943e-01 7.490222649010989941e-02
3.950283331724680491e-01 5.293100644372000785e-01 7.509124956471842360e-02
3.966276934283656797e-01 5.314780084304108199e-01 7.527995887266891728e-02
3.982270536842633102e-01 5.336438185724865502e-01 7.546843360662006117e-02
3.998264139401608852e-01 5.358070323293995241e-01 7.565652154081906056e-02
4.014257741960585157e-01 5.379703309064558514e-01 7.584426431823572401e-02
4.030251344519561463e-01 5.401340244761810849e-01 7.603140277122334700e-02
4.046244947078537768e-01 5.422970731101580677e-01 7.621821557778139800e-02
4.062238549637513518e-01 5.444591933937236172e-01 7.640444703923698899e-02
4.078232152196489824e-01 5.466200955503442982e-01 7.659012508995255430e-02
4.094225754755466129e-01 5.487815070729187283e-01 7.677558282461866002e-02
4.110219357314442989e-01 5.509423278117088207e-01 7.696073827987341687e-02
4.126212959873419295e-01 5.531032226500772753e-01 7.714557588987484837e-02
4.142206562432394490e-01 5.552631872919306932e-01 7.733004402541693301e-02
4.158200164991371350e-01 5.574237022334396219e-01 7.751413638611491519e-02
4.174193767550347656e-01 5.595829850342958212e-01 7.769789259864232078e-02
4.190187370109323961e-01 5.617461063692882339e-01 7.788147312402911304e-02
4.206180972668299711e-01 5.639076231901430925e-01 7.806448277851879558e-02
4.222174575227276017e-01 5.660657743864134783e-01 7.824724738280848524e-02
4.238168177786252322e-01 5.682214025412440916e-01 7.842985113100967021e-02
4.254161780345228627e-01 5.703759935070300546e-01 7.861231071632517053e-02
4.270155382904204933e-01 5.725277555634201709e-01 7.879437242166616173e-02
4.286148985463180683e-01 5.746799295425877308e-01 7.897602594060595949e-02
4.302142588022156988e-01 5.768294525214968660e-01 7.915710573154767504e-02
4.318136190581133294e-01 5.789760027415895571e-01 7.933775642156340457e-02
4.334129793140110154e-01 5.811243849488615387e-01 7.951798546626583086e-02
4.350123395699085349e-01 5.832732520954229116e-01 7.969796212354765541e-02
4.366116998258061654e-01 5.854205072408341648e-01 7.987755963355165634e-02
4.382110600817038515e-01 5.875654765285495129e-01 8.005685260017582350e-02
4.398104203376014820e-01 5.897081452052065353e-01 8.023573740069052385e-02
4.414097805934990015e-01 5.918506637154136163e-01 8.041449536322975433e-02
4.430091408493966876e-01 5.939939560050105927e-01 8.059303877538551153e-02
4.446085011052943181e-01 5.961416813960148664e-01 8.077104425725153969e-02
4.462078613611919486e-01 5.982934521283105322e-01 8.094856480638902563e-02
4.478072216170895792e-01 6.004434249802992341e-01 8.112588655112379366e-02
4.494065818729871542e-01 6.025908987705701492e-01 8.130284847617023913e-02
4.510059421288847847e-01 6.047364449713532597e-01 8.147939335129390781e-02
4.526053023847824153e-01 6.068801566388621893e-01 8.165568717081497785e-02
4.542046626406800458e-01 6.090250566089571160e-01 8.183162611597896707e-02
4.558040228965776208e-01 6.111667442383120763e-01 8.200707362291563551e-02
4.574033831524752514e-01 6.133071029589085565e-01 8.218210030729078408e-02
4.590027434083728819e-01 6.154475679474411542e-01 8.235699916141230037e-02
4.606021036642705679e-01 6.175840704212426369e-01 8.253152307126337961e-02
4.622014639201681985e-01 6.197160481357292250e-01 8.270555590150939496e-02
4.638008241760657180e-01 6.218461147528617783e-01 8.287929768004533015e-02
4.654001844319634040e-01 6.239784025588061001e-01 8.305283415186898166e-02
4.669995446878610346e-01 6.261114464377179889e-01 8.322604588097783085e-02
4.685989049437586651e-01 6.282406575304959606e-01 8.339848964271023846e-02
4.701982651996562401e-01 6.303661407148308804e-01 8.357053047548862468e-02
4.717976254555538707e-01 6.324917839703829703e-01 8.374225607858473697e-02
4.733969857114515012e-01 6.345734353313630116e-01 8.391011775378186266e-02
4.749963459673491317e-01 6.366525406024866607e-01 8.407802959496180062e-02
4.765957062232467067e-01 6.387321039928652855e-01 8.424558128694192849e-02
4.781950664791443373e-01 6.408097470378196769e-01 8.441291854602178679e-02
4.797944267350419678e-01 6.428857289468103975e-01 8.458006468701102787e-02
4.813937869909395983e-01 6.449614048125622556e-01 8.474733560578090463e-02
4.829931472468372844e-01 6.470373090833678731e-01 8.491446221291422403e-02
4.845925075027348039e-01 6.491161090190598060e-01 8.508142078349875681e-02
4.861918677586324344e-01 6.511955667497454359e-01 8.524837026898354764e-02
4.877912280145301205e-01 6.532784556254442876e-01 8.541552543222510896e-02
4.893905882704277510e-01 6.553603093872989449e-01 8.558231103280598828e-02
4.909899485263252705e-01 6.574425981039905276e-01 8.574886967302736140e-02
4.925893087822229566e-01 6.595266085957912638e-01 8.591516515282206223e-02
4.941886690381205871e-01 6.616100756467483412e-01 8.608103948866042965e-02
4.957880292940182176e-01 6.636941783324692423e-01 8.624669985270329298e-02
4.973873895499158482e-01 6.657747734764696279e-01 8.641234685777046676e-02
4.989867498058134232e-01 6.678576571322131228e-01 8.657769714725678523e-02
5.005861100617110537e-01 6.699046355727035218e-01 8.673865908447903061e-02
5.021854703176087398e-01 6.719439886980528298e-01 8.689846215146998509e-02
5.037848305735063148e-01 6.739789885145830439e-01 8.705806300062589320e-02
5.053841908294038898e-01 6.760073483171811226e-01 8.721718972991460150e-02
5.069835510853015759e-01 6.780339057050575047e-01 8.737612180400704254e-02
5.085829113411991509e-01 6.800577633296784885e-01 8.753472444998232349e-02
5.101822715970968369e-01 6.820802650902999531e-01 8.769309959860632775e-02
5.117816318529944120e-01 6.841006891419434410e-01 8.785148226392790194e-02
5.133809921088919870e-01 6.861184599914735838e-01 8.800978979800058721e-02
5.149803523647896730e-01 6.881419820822564093e-01 8.816908682497044680e-02
5.165797126206872480e-01 6.901692101924632450e-01 8.832844339945687684e-02
5.181790728765849341e-01 6.921980480300949923e-01 8.848745184006648334e-02
5.197784331324825091e-01 6.942256846678919180e-01 8.864606068238274628e-02
5.213777933883800841e-01 6.962500805485080102e-01 8.880451502721256607e-02
5.229771536442777702e-01 6.982698410484015072e-01 8.896270796101617140e-02
5.245765139001754562e-01 7.002842044110373365e-01 8.912082682712668680e-02
5.261758741560729202e-01 7.022953221307547400e-01 8.927899454963578174e-02
5.277752344119706063e-01 7.043056383592602998e-01 8.943751468761997059e-02
5.293745946678682923e-01 7.063142235580329720e-01 8.959587806759899964e-02
5.309739549237658673e-01 7.082819163978846255e-01 8.975053453643151713e-02
5.325733151796635534e-01 7.102445942916151278e-01 8.990470664067114204e-02
5.341726754355611284e-01 7.122067381734459302e-01 9.005869334026285478e-02
5.357720356914587034e-01 7.141758551998977911e-01 9.021234474124494029e-02
5.373713959473563895e-01 7.162361660665644836e-01 9.036113712014522126e-02
5.389707562032539645e-01 7.183069246609815606e-01 9.050854978017280894e-02
5.405701164591515395e-01 7.204411628621226749e-01 9.065211074168234850e-02
5.421694767150492256e-01 7.226029702103167196e-01 9.079403478522277138e-02
5.437688369709468006e-01 7.248273420080412199e-01 9.093200734225935500e-02
5.453681972268444866e-01 7.270540364491454577e-01 9.107015850209461416e-02
5.469675574827420617e-01 7.293711822242776588e-01 9.120385032551667215e-02
5.485669177386396367e-01 7.317176297945995334e-01 9.133598542434051559e-02
5.501662779945373227e-01 7.340642785996978059e-01 9.146799009401120062e-02
5.517656382504348977e-01 7.363961038803266135e-01 9.160050325005332506e-02
5.533649985063325838e-01 7.387179424424941132e-01 9.173258027494497757e-02
5.549643587622301588e-01 7.410342484960195097e-01 9.186478588059079908e-02
5.565637190181277338e-01 7.433433330000593919e-01 9.199749647671148778e-02
5.581630792740254199e-01 7.456625251625415007e-01 9.212753258239289589e-02
5.597624395299231059e-01 7.479800790564311574e-01 9.225350777398880209e-02
5.613617997858206810e-01 7.502917386756927653e-01 9.237972088475343568e-02
5.629611600417182560e-01 7.526175914888262319e-01 9.250251810521760432e-02
5.645605202976159420e-01 7.549673713860080015e-01 9.261987834214456539e-02
5.661598805535135170e-01 7.573205833997826986e-01 9.273672156203367767e-02
5.677592408094112031e-01 7.596795156022564388e-01 9.285025936148912085e-02
5.693586010653087781e-01 7.620422965375944768e-01 9.296320197012063191e-02
5.709579613212063531e-01 7.644199920112478841e-01 9.307395152985076248e-02
5.725573215771040392e-01 7.668117668399477838e-01 9.318283135815663698e-02
5.741566818330016142e-01 7.692055993852581208e-01 9.329150981456436897e-02
5.757560420888991892e-01 7.715934031267109861e-01 9.340068851640490055e-02
5.773554023447968753e-01 7.739739574065777061e-01 9.351052322357840396e-02
5.789547626006944503e-01 7.763621690015265475e-01 9.361859537577041368e-02
5.805541228565921363e-01 7.787551568282954362e-01 9.372590570057905135e-02
5.821534831124898224e-01 7.811466197448533322e-01 9.383318529589758372e-02
5.837528433683872864e-01 7.835331868744789263e-01 9.393927583312687568e-02
5.853522036242849724e-01 7.859211116984163858e-01 9.404525141689266954e-02
5.869515638801826585e-01 7.883157339212067960e-01 9.415114047042023870e-02
5.885509241360802335e-01 7.907107970604454472e-01 9.425709892769627840e-02
5.901502843919778085e-01 7.931071185448999028e-01 9.436309915163057505e-02
5.917496446478754946e-01 7.955022018097399616e-01 9.446900439657311688e-02
5.933490049037730696e-01 7.978949470651185427e-01 9.457529326064989528e-02
5.949483651596707556e-01 8.003004550483850954e-01 9.468111265408643562e-02
5.965477254155683307e-01 8.027795399752205574e-01 9.478128650338843442e-02
5.981470856714659057e-01 8.052593198329141000e-01 9.488119617103889236e-02
5.997464459273635917e-01 8.077386344310618638e-01 9.498144258980825705e-02
6.013458061832611667e-01 8.102544289494646446e-01 9.507940568356969269e-02
6.029451664391588528e-01 8.127728529971499638e-01 9.517708688393473893e-02
6.045445266950564278e-01 8.152992989372112032e-01 9.527424020162293672e-02
6.061438869509540028e-01 8.178596643231587082e-01 9.536883337703312702e-02
6.077432472068516889e-01 8.204645314816686463e-01 9.546104679365209622e-02
6.093426074627493749e-01 8.230965281129074551e-01 9.554748257692645408e-02
6.109419677186469499e-01 8.257177853369275233e-01 9.563452146378399743e-02
6.125413279745445250e-01 8.283379330783956496e-01 9.572192014463616616e-02
6.141406882304422110e-01 8.309752033606523369e-01 9.580865592559227595e-02
6.157400484863397860e-01 8.336160448453990846e-01 9.589553204748652027e-02
6.173394087422374721e-01 8.362582234783190183e-01 9.598223233046331015e-02
6.189387689981350471e-01 8.389019129103334471e-01 9.606901075854629157e-02
6.205381292540326221e-01 8.415474085791456726e-01 9.615553052779594878e-02
6.221374895099303082e-01 8.441960302457600651e-01 9.624177887869705961e-02
6.237368497658278832e-01 8.469107145143138782e-01 9.632313242187566515e-02
6.253362100217254582e-01 8.496509702243271178e-01 9.640260593835969782e-02
6.269355702776231443e-01 8.523799443058019953e-01 9.648295396580298944e-02
6.285349305335207193e-01 8.551043708512686692e-01 9.656209853071825999e-02
6.301342907894184053e-01 8.578338831598528724e-01 9.664009777556827052e-02
6.317336510453160914e-01 8.605943107631991440e-01 9.671438406956217593e-02
6.333330113012135554e-01 8.633632685475509660e-01 9.678680624943587774e-02
6.349323715571112414e-01 8.661074935569655908e-01 9.685396857166991835e-02
6.365317318130089275e-01 8.688481671231677028e-01 9.691939548622027778e-02
6.381310920689066135e-01 8.715853900695113010e-01 9.698502935194952546e-02
6.397304523248041885e-01 8.743041999902985140e-01 9.705014425144500856e-02
6.413298125807017636e-01 8.770143997288484261e-01 9.711571758302149637e-02
6.429291728365994496e-01 8.797426170837346904e-01 9.717709476866309704e-02
6.445285330924971356e-01 8.824694403423207767e-01 9.723761100523954648e-02
6.461278933483945996e-01 8.851922068834714441e-01 9.729862459550768505e-02
6.477272536042922857e-01 8.879089247364227999e-01 9.736047813272936946e-02
6.493266138601899717e-01 8.906201657339147815e-01 9.742223917062627081e-02
6.509259741160875468e-01 8.933205815271063610e-01 9.748347521504642510e-02
6.525253343719851218e-01 8.959936789185796169e-01 9.754181324121254104e-02
6.541246946278828078e-01 8.986749820735948635e-01 9.759970723752386945e-02
6.557240548837803829e-01 9.013571345578782479e-01 9.765770623073655177e-02
6.573234151396780689e-01 9.040043984716321646e-01 9.771382169618100799e-02
6.589227753955756439e-01 9.066333418283217815e-01 9.776726191870342697e-02
6.605221356514732189e-01 9.092736222573333249e-01 9.781903480250207783e-02
6.621214959073709050e-01 9.119132428581452343e-01 9.787091675935243040e-02
6.637208561632684800e-01 9.145413625767268018e-01 9.792186326398676088e-02
6.653202164191661661e-01 9.171611890362743047e-01 9.797224722925410023e-02
6.669195766750637411e-01 9.197816103279358169e-01 9.802296517078545879e-02
6.685189369309613161e-01 9.224016832548652678e-01 9.807402885550765836e-02
6.701182971868590021e-01 9.250253375851055226e-01 9.812584897493177583e-02
6.717176574427565772e-01 9.276423087919016819e-01 9.817808369507445565e-02
6.733170176986542632e-01 9.302532159249699006e-01 9.823077613711921063e-02
6.749163779545518382e-01 9.328668798647349325e-01 9.828314502222144922e-02
6.765157382104494133e-01 9.354915207038296820e-01 9.833555386986904401e-02
6.781150984663470993e-01 9.381250040230919574e-01 9.838838522822949961e-02
6.797144587222447853e-01 9.407602386066128419e-01 9.844102114903302558e-02
6.813138189781422493e-01 9.433971162694945178e-01 9.849353390316072099e-02
6.829131792340399354e-01 9.460132680980065656e-01 9.854490677780615437e-02
6.845125394899376214e-01 9.486072296284342453e-01 9.859585595232563116e-02
6.861118997458351965e-01 9.511522085352420719e-01 9.864444800093398469e-02
6.877112600017328825e-01 9.536902810685062848e-01 9.869252524609990751e-02
6.893106202576304575e-01 9.562291075436639698e-01 9.874042443439209893e-02
6.909099805135280326e-01 9.587486763677078860e-01 9.878708927071676305e-02
6.925093407694257186e-01 9.612630857214202740e-01 9.883423272012709093e-02
6.941087010253232936e-01 9.637494562017583366e-01 9.887942860185197635e-02
6.957080612812208686e-01 9.662280115782169165e-01 9.892448860082687923e-02
6.973074215371185547e-01 9.687139214000162202e-01 9.896848594803242527e-02
6.989067817930161297e-01 9.712017288366437961e-01 9.901203205102816762e-02
7.005061420489138158e-01 9.736704021299373846e-01 9.905492113952862887e-02
7.021055023048113908e-01 9.761059852479048171e-01 9.909666074881330611e-02
7.037048625607089658e-01 9.785506954413842884e-01 9.913920693815667096e-02
7.053042228166066518e-01 9.809980425255138137e-01 9.918222299475926151e-02
7.069035830725043379e-01 9.834532645482961799e-01 9.922545325552784012e-02
7.085029433284019129e-01 9.859024558463137522e-01 9.926902648422410158e-02
7.101023035842994879e-01 9.883546735509944892e-01 9.931271539331912312e-02
7.117016638401971740e-01 9.908290449868892846e-01 9.935415840112504782e-02
7.133010240960947490e-01 9.933393172739137800e-01 9.939346707316008833e-02
7.149003843519924351e-01 9.958507932297734344e-01 9.943268108883993039e-02
7.164997446078900101e-01 9.983559818430191024e-01 9.947206181173849637e-02
7.180991048637875851e-01 1.000826917757487111e+00 9.951037112811701724e-02
7.196984651196852711e-01 1.003362305868959137e+00 9.954382606166706227e-02
7.212978253755828462e-01 1.005897217295397272e+00 9.957719787736393768e-02
7.228971856314805322e-01 1.008409891805941205e+00 9.961166320764333615e-02
7.244965458873781072e-01 1.010917310142249947e+00 9.964658722046140782e-02
7.260959061432756823e-01 1.013399381600965654e+00 9.967910252014147710e-02
7.276952663991733683e-01 1.015878495822408301e+00 9.971175817761249172e-02
7.292946266550710543e-01 1.018424904419333865e+00 9.974110324486555601e-02
7.308939869109685183e-01 1.020984599931145764e+00 9.977043363780035978e-02
7.324933471668662044e-01 1.023510173017098568e+00 9.979902222240630283e-02
7.340927074227638904e-01 1.025998372767810585e+00 9.982801345622947797e-02
7.356920676786614655e-01 1.028475566908603867e+00 9.985749444145269882e-02
7.372914279345591515e-01 1.030945948921817568e+00 9.988666026747046456e-02
7.388907881904567265e-01 1.033363172119986961e+00 9.991301339330539710e-02
7.404901484463543015e-01 1.035804093646858437e+00 9.993906983987500825e-02
7.420895087022519876e-01 1.038325413193339486e+00 9.996148586010973613e-02
7.436888689581495626e-01 1.040852459686862241e+00 9.998382196744112771e-02
7.452882292140471376e-01 1.043360440205040041e+00 1.000074217911823271e-01
7.468875894699448237e-01 1.045855778232174016e+00 1.000321118876043025e-01
7.484869497258423987e-01 1.048356564662617396e+00 1.000570767430125213e-01
7.500863099817400848e-01 1.050845402738462608e+00 1.000823514269643527e-01
7.516856702376376598e-01 1.053327608692517403e+00 1.001079003115033367e-01
7.532850304935352348e-01 1.055823736541233071e+00 1.001336032517670810e-01
7.548843907494329208e-01 1.058321145588610790e+00 1.001592638347310327e-01
7.564837510053306069e-01 1.060823658828342619e+00 1.001847949940550819e-01
7.580831112612281819e-01 1.063310618882486791e+00 1.002105319715357878e-01
7.596824715171257569e-01 1.065792204124761167e+00 1.002361011428748450e-01
7.612818317730234430e-01 1.068287709171577671e+00 1.002584130036229815e-01
7.628811920289210180e-01 1.070781746111487909e+00 1.002805133851754071e-01
7.644805522848187040e-01 1.073275970209012664e+00 1.003023903549815909e-01
7.660799125407162791e-01 1.075751964980202757e+00 1.003243672612211673e-01
7.676792727966138541e-01 1.078229156196881311e+00 1.003469304264336392e-01
7.692786330525115401e-01 1.080709063513731083e+00 1.003695222614829768e-01
7.708779933084091152e-01 1.083176930174341468e+00 1.003913405588452296e-01
7.724773535643068012e-01 1.085625486741362389e+00 1.004111708827865462e-01
7.740767138202043762e-01 1.088059939539693932e+00 1.004306897583402830e-01
7.756760740761019512e-01 1.090477935994664582e+00 1.004510132056320448e-01
7.772754343319996373e-01 1.092898558030059197e+00 1.004709787011690419e-01
7.788747945878973233e-01 1.095275502866879913e+00 1.004895388209926105e-01
7.804741548437947873e-01 1.097658138103733139e+00 1.005076581911137218e-01
7.820735150996925844e-01 1.100034551945872519e+00 1.005259795527622402e-01
7.836728753555901594e-01 1.102413457735385682e+00 1.005442416130887251e-01
7.852722356114876234e-01 1.104793614252100209e+00 1.005629311257197345e-01
7.868715958673854205e-01 1.107178905491475129e+00 1.005824130367915792e-01
7.884709561232829955e-01 1.109555009051296004e+00 1.006018656828664426e-01
7.900703163791806816e-01 1.111933010284695600e+00 1.006213392065691548e-01
7.916696766350782566e-01 1.114309603731822529e+00 1.006408511820361396e-01
7.932690368909758316e-01 1.116699069742679296e+00 1.006605404374927570e-01
7.948683971468735177e-01 1.119091974184625249e+00 1.006801763480330847e-01
7.964677574027710927e-01 1.121485125170759378e+00 1.006997942549927305e-01
7.980671176586686677e-01 1.123880545159431810e+00 1.007193370462853704e-01
7.996664779145663537e-01 1.126285629021547940e+00 1.007388150221369960e-01
8.012658381704639288e-01 1.128682834145074310e+00 1.007585398292435291e-01
8.028651984263616148e-01 1.131076171593696111e+00 1.007784343140291500e-01
8.044645586822591898e-01 1.133466008717205709e+00 1.007984974373593301e-01
8.060639189381567649e-01 1.135851628670117464e+00 1.008181157211564816e-01
8.076632791940544509e-01 1.138234494928554996e+00 1.008377943958816275e-01
8.092626394499520259e-01 1.140615085821920172e+00 1.008573940482537928e-01
8.108619997058497120e-01 1.142989421173727926e+00 1.008770670131100694e-01
8.124613599617472870e-01 1.145349588130116336e+00 1.008964760413193495e-01
8.140607202176448620e-01 1.147710676922890860e+00 1.009158484515965126e-01
8.156600804735425481e-01 1.150074885561689131e+00 1.009338887330404472e-01
8.172594407294401231e-01 1.152446385967432096e+00 1.009512130694232845e-01
8.188588009853376981e-01 1.154823432059713717e+00 1.009687310194893467e-01
8.204581612412353842e-01 1.157197122986575621e+00 1.009862500719918565e-01
8.220575214971329592e-01 1.159568555617728203e+00 1.010045321581436728e-01
8.236568817530307562e-01 1.161935713454725683e+00 1.010230537460341388e-01
8.252562420089282202e-01 1.164302456751895143e+00 1.010415601772174099e-01
8.268556022648257953e-01 1.166668842982225396e+00 1.010600198511297232e-01
8.284549625207235923e-01 1.169037187409982304e+00 1.010782664403511444e-01
8.300543227766210563e-01 1.171406916430823175e+00 1.010964016033944479e-01
8.316536830325188534e-01 1.173774791335991940e+00 1.011147043637037196e-01
8.332530432884164284e-01 1.176143102935333751e+00 1.011330523729238179e-01
8.348524035443138924e-01 1.178513466124366138e+00 1.011514023694132930e-01
8.364517638002116895e-01 1.180889362204455839e+00 1.011700901436938665e-01
8.380511240561092645e-01 1.183264206846314170e+00 1.011890574246018110e-01
8.396504843120069506e-01 1.185640379017466772e+00 1.012083478738989434e-01
8.412498445679045256e-01 1.188013471067536297e+00 1.012275340700542481e-01
8.428492048238021006e-01 1.190389722473954581e+00 1.012464921690405251e-01
8.444485650796997867e-01 1.192765037567984354e+00 1.012655607809113123e-01
8.460479253355973617e-01 1.195138418100462285e+00 1.012846383633345115e-01
8.476472855914949367e-01 1.197519020979976867e+00 1.013039543279452975e-01
8.492466458473926227e-01 1.199900988865858054e+00 1.013232578402355061e-01
8.508460061032901978e-01 1.202304041351723862e+00 1.013403874953467537e-01
8.524453663591878838e-01 1.204717498668925968e+00 1.013563706173805645e-01
8.540447266150854588e-01 1.207130840836204033e+00 1.013723776146862321e-01
8.556440868709830339e-01 1.209542938073595364e+00 1.013889587625134425e-01
8.572434471268807199e-01 1.211951800873990459e+00 1.014061553048152819e-01
8.588428073827782949e-01 1.214360695560876779e+00 1.014233693178672041e-01
8.604421676386759810e-01 1.216768944406350972e+00 1.014407795570145404e-01
8.620415278945735560e-01 1.219177296994848225e+00 1.014580216128439932e-01
8.636408881504711310e-01 1.221587609762970095e+00 1.014752379719314201e-01
8.652402484063688171e-01 1.223997489206081646e+00 1.014925102507558685e-01
8.668396086622663921e-01 1.226418123437761798e+00 1.015096809131388889e-01
8.684389689181639671e-01 1.228840511203593389e+00 1.015267851103025254e-01
8.700383291740616531e-01 1.231260784042339962e+00 1.015439526684674687e-01
8.716376894299592282e-01 1.233676188541904306e+00 1.015614293859449235e-01
8.732370496858569142e-01 1.236089520973787215e+00 1.015790488992355800e-01
8.748364099417544892e-01 1.238502951790612761e+00 1.015968096392526887e-01
8.764357701976520643e-01 1.240903616811273480e+00 1.016142144649983953e-01
8.780351304535497503e-01 1.243297411677556807e+00 1.016309482416616755e-01
8.796344907094473253e-01 1.245695408291896511e+00 1.016478889258692758e-01
8.812338509653451224e-01 1.248093577984297653e+00 1.016647886859526895e-01
8.828332112212425864e-01 1.250495528091600805e+00 1.016817837950935444e-01
8.844325714771401614e-01 1.252897122964870213e+00 1.016988619442961983e-01
8.860319317330379585e-01 1.255345424799348963e+00 1.017158036146091488e-01
8.876312919889354225e-01 1.257678141189471743e+00 1.017340801449939103e-01
8.892306522448332196e-01 1.260082994185058203e+00 1.017520692297577828e-01
8.908300125007307946e-01 1.262497083940978371e+00 1.017689777108790466e-01
8.924293727566282586e-01 1.264908189791349225e+00 1.017848714278161149e-01
8.940287330125260556e-01 1.267320943888244233e+00 1.018008564226557527e-01
8.956280932684236307e-01 1.269724670576461323e+00 1.018168751477598888e-01
8.972274535243210947e-01 1.272999699768659010e+00 1.018078415498467615e-01
8.988268137802188917e-01 1.275458001796668794e+00 1.018232918807560894e-01
9.004261740361164668e-01 1.277916982215126840e+00 1.018384540308861774e-01
9.020255342920141528e-01 1.280372447111320922e+00 1.018537285803137460e-01
9.036248945479117278e-01 1.282827688468055838e+00 1.018689487479423200e-01
9.052242548038093028e-01 1.285280349886375850e+00 1.018841096831113041e-01
9.068236150597069889e-01 1.287724216079953132e+00 1.018997943570725817e-01
9.084229753156045639e-01 1.290171145270336162e+00 1.019155703891689718e-01
9.100223355715022500e-01 1.292619679100385888e+00 1.019312143124524034e-01
9.116216958273998250e-01 1.295070552845970502e+00 1.019464868809275421e-01
9.132210560832974000e-01 1.297521754477039879e+00 1.019618879141881568e-01
9.148204163391950861e-01 1.299972752085025940e+00 1.019775828041655091e-01
9.164197765950926611e-01 1.302422298742721862e+00 1.019933189192269718e-01
9.180191368509902361e-01 1.304874474686167130e+00 1.020090649296475221e-01
9.196184971068879221e-01 1.307328697093319336e+00 1.020248224141571680e-01
9.212178573627854972e-01 1.309780595204746323e+00 1.020405074308709664e-01
9.228172176186831832e-01 1.312231063378137774e+00 1.020561327346743014e-01
9.244165778745807582e-01 1.314680523068190832e+00 1.020718501021230240e-01
9.260159381304783333e-01 1.317134487736476123e+00 1.020878190010711117e-01
9.276152983863760193e-01 1.319587948890157847e+00 1.021040141808408075e-01
9.292146586422735943e-01 1.322037270791058816e+00 1.021203731066920029e-01
9.308140188981713914e-01 1.324486379208133169e+00 1.021366935601661363e-01
9.324133791540688554e-01 1.326935201256603580e+00 1.021529840496975122e-01
9.340127394099664304e-01 1.329383914155406465e+00 1.021692475262152427e-01
9.356120996658642275e-01 1.331830504700401985e+00 1.021856160122537466e-01
9.372114599217616915e-01 1.334276146138438701e+00 1.022020940223571234e-01
9.388108201776594886e-01 1.336721382032432848e+00 1.022184741422473703e-01
9.404101804335570636e-01 1.339166584617545119e+00 1.022348312589553970e-01
9.420095406894545276e-01 1.341613726304481391e+00 1.022512164876104440e-01
9.436089009453523246e-01 1.344060596531137630e+00 1.022675655364667230e-01
9.452082612012498997e-01 1.346507444526347852e+00 1.022838710474414242e-01
9.468076214571473637e-01 1.348953578403924602e+00 1.023002211434769076e-01
9.484069817130451607e-01 1.351399252433208797e+00 1.023165487722195593e-01
9.500063419689427358e-01 1.353846493803258610e+00 1.023328463059417215e-01
9.516057022248404218e-01 1.356296929873135992e+00 1.023489525865416694e-01
9.532050624807379968e-01 1.358748438452644480e+00 1.023650761566727713e-01
9.548044227366355718e-01 1.361199982458135560e+00 1.023813037659236647e-01
9.564037829925332579e-01 1.363650160652624566e+00 1.023975307238570581e-01
9.580031432484308329e-01 1.366098815346839412e+00 1.024138099269981811e-01
9.596025035043285190e-01 1.368550303439009408e+00 1.024299452459811188e-01
9.612018637602260940e-01 1.370999602588449440e+00 1.024460904415840090e-01
9.628012240161236690e-01 1.373445357226201979e+00 1.024621915538915795e-01
9.644005842720213550e-01 1.375889942592633863e+00 1.024784330148783562e-01
9.659999445279189301e-01 1.378335260569623300e+00 1.024946531778151565e-01
9.675993047838165051e-01 1.380781323970264651e+00 1.025108647599526357e-01
9.691986650397141911e-01 1.383225464846387087e+00 1.025272244411505190e-01
9.707980252956117662e-01 1.385669831824617226e+00 1.025435949241194633e-01
9.723973855515094522e-01 1.388115255784387880e+00 1.025601481449862906e-01
9.739967458074070272e-01 1.390554847651253478e+00 1.025768155392570713e-01
9.755961060633046023e-01 1.392995521044740892e+00 1.025933260898859445e-01
9.771954663192022883e-01 1.395435381797386354e+00 1.026100751916157738e-01
9.787948265750998633e-01 1.397877152096841602e+00 1.026261513439588186e-01
9.803941868309975494e-01 1.400319062602235709e+00 1.026424218568359470e-01
9.819935470868951244e-01 1.402761204189474142e+00 1.026587671268074098e-01
9.835929073427926994e-01 1.405203464464549468e+00 1.026750666530778650e-01
9.851922675986903855e-01 1.407646844905900085e+00 1.026913953881572472e-01
9.867916278545879605e-01 1.410090721733615382e+00 1.027077625140487699e-01
9.883909881104857575e-01 1.413134609746366177e+00 1.026906274459787466e-01
9.899903483663832215e-01 1.415588182311356302e+00 1.027064511741008490e-01
9.915897086222807966e-01 1.418043195654988153e+00 1.027222309289673174e-01
9.931890688781785936e-01 1.420500110874923116e+00 1.027379989919848247e-01
9.947884291340760576e-01 1.422958792145845530e+00 1.027538018165861239e-01
9.963877893899736327e-01 1.425409513077397605e+00 1.027694807392144083e-01
9.979871496458714297e-01 1.427846387198634659e+00 1.027849319703672548e-01
9.995865099017688937e-01 1.430283282362465380e+00 1.028003385712294299e-01
1.001185870157666580e+00 1.432761897470292922e+00 1.028158482432725979e-01
1.002785230413564266e+00 1.435172806586854088e+00 1.028312661222416657e-01
1.004384590669461730e+00 1.438805063236354265e+00 1.027768992457811503e-01
1.005983950925359416e+00 1.441316199314025104e+00 1.027910832836049781e-01
1.007583311181257102e+00 1.443787435209350267e+00 1.028055619257955133e-01
1.009182671437154788e+00 1.446256494736704701e+00 1.028198559517367189e-01
1.010782031693052252e+00 1.448729182397651583e+00 1.028342416348103083e-01
1.012381391948949938e+00 1.451201412374251154e+00 1.028485923660006768e-01
1.013980752204847624e+00 1.453674507088557721e+00 1.028629170043535990e-01
1.015580112460745088e+00 1.456146096913297328e+00 1.028773107251556435e-01
1.017179472716642774e+00 1.458618721098702942e+00 1.028917543710204108e-01
1.018778832972540460e+00 1.461091801651669853e+00 1.029061980295817025e-01
1.020378193228437924e+00 1.463565162359021787e+00 1.029206263610971256e-01
1.021977553484335832e+00 1.466038964286564106e+00 1.029350098303275229e-01
1.023576913740233296e+00 1.468512534518423118e+00 1.029494105270672699e-01
1.025176273996130760e+00 1.470983947744171072e+00 1.029641806007508820e-01
1.026775634252028668e+00 1.473459812324880547e+00 1.029788200768587680e-01
1.028374994507926132e+00 1.475933089664936526e+00 1.029936761075779666e-01
1.029974354763823818e+00 1.478408274308920411e+00 1.030083841427907598e-01
1.031573715019721504e+00 1.480883291614882413e+00 1.030230762747734313e-01
1.033173075275618968e+00 1.483357191548262621e+00 1.030378516244374043e-01
1.034772435531516654e+00 1.485826373202105311e+00 1.030519635041299287e-01
1.036371795787414340e+00 1.488289972823974905e+00 1.030660139512680207e-01
1.037971156043312027e+00 1.490749063371244354e+00 1.030800029929795913e-01
1.039570516299209491e+00 1.493209097082714987e+00 1.030939434314624564e-01
1.041169876555107177e+00 1.495668569810001625e+00 1.031078554957659821e-01
1.042769236811004863e+00 1.498126847561124020e+00 1.031217132085122529e-01
1.044368597066902327e+00 1.500585978318746960e+00 1.031355248853641493e-01
1.045967957322800013e+00 1.503045842623685679e+00 1.031493384941312569e-01
1.047567317578697699e+00 1.505505531938899910e+00 1.031631758902189916e-01
1.049166677834595163e+00 1.507970414196745379e+00 1.031770314333626259e-01
1.050766038090492849e+00 1.510438609920874420e+00 1.031908778031939422e-01
1.052365398346390535e+00 1.512903557153992828e+00 1.032045497658443250e-01
1.053964758602287999e+00 1.515359270043900475e+00 1.032173532269336780e-01
1.055564118858185685e+00 1.517808460262971115e+00 1.032292252108270025e-01
1.057163479114083371e+00 1.520256599846083523e+00 1.032411821111315214e-01
1.058762839369981057e+00 1.522705368619484689e+00 1.032531247559653614e-01
1.060362199625878521e+00 1.525160169798821963e+00 1.032652438794449540e-01
1.061961559881776207e+00 1.527614742433717865e+00 1.032778951487902663e-01
1.063560920137673893e+00 1.530069753521592801e+00 1.032904815109002700e-01
1.065160280393571357e+00 1.532526662365958359e+00 1.033029821308410756e-01
1.066759640649469043e+00 1.534984514389929222e+00 1.033154529596560511e-01
1.068359000905366729e+00 1.537443315134834787e+00 1.033278346463355341e-01
1.069958361161264193e+00 1.539902778957739304e+00 1.033401677146265907e-01
1.071557721417162101e+00 1.542361758936163119e+00 1.033524518854555679e-01
1.073157081673059565e+00 1.544821027472964126e+00 1.033646961604337555e-01
1.074756441928957029e+00 1.547279308232811346e+00 1.033769440258646699e-01
1.076355802184854937e+00 1.549734800434813708e+00 1.033891147837566887e-01
1.077955162440752401e+00 1.552184664868921482e+00 1.034010273944135916e-01
1.079554522696650087e+00 1.554635990273929069e+00 1.034131280802362274e-01
1.081153882952547773e+00 1.557087928606212257e+00 1.034252725749310320e-01
1.082753243208445237e+00 1.559539966727037985e+00 1.034373908283532373e-01
1.084352603464342923e+00 1.561986775830171537e+00 1.034493640200419978e-01
1.085951963720240609e+00 1.564433277112821763e+00 1.034613003989007379e-01
1.087551323976138296e+00 1.566880347732853007e+00 1.034731677833555519e-01
1.089150684232035760e+00 1.569329343657622777e+00 1.034850643769373024e-01
1.090750044487933446e+00 1.571777370889537728e+00 1.034970756953214194e-01
1.092349404743831132e+00 1.574225402997732726e+00 1.035090460026362735e-01
1.093948764999728596e+00 1.576673578265335607e+00 1.035209058245723096e-01
1.095548125255626282e+00 1.579122222890295912e+00 1.035327306281799281e-01
1.097147485511523968e+00 1.581571972402942894e+00 1.035445206876095120e-01
1.098746845767421432e+00 1.584021163333553917e+00 1.035562914010110525e-01
1.100346206023319118e+00 1.586470517485638609e+00 1.035680564608964377e-01
1.101945566279216804e+00 1.588918977860884985e+00 1.035798731802614059e-01
1.103544926535114268e+00 1.591365688069025230e+00 1.035917060060208283e-01
1.105144286791011954e+00 1.593813000618530706e+00 1.036036142445243974e-01
1.106743647046909640e+00 1.596261324882853883e+00 1.036156270113228195e-01
1.108343007302807326e+00 1.598709423861909951e+00 1.036276092520600767e-01
1.109942367558704790e+00 1.601157564580289350e+00 1.036395660554048082e-01
1.111541727814602476e+00 1.603600153925586635e+00 1.036509520946870544e-01
1.113141088070500162e+00 1.606042885557032784e+00 1.036623285750537249e-01
1.114740448326397626e+00 1.608485688873381392e+00 1.036736886125168011e-01
1.116339808582295312e+00 1.610927300185208910e+00 1.036851761401185873e-01
1.117939168838192998e+00 1.613369255875897856e+00 1.036967448687272642e-01
1.119538529094090462e+00 1.615811673527341563e+00 1.037082982324775415e-01
1.121137889349988370e+00 1.618255674002222921e+00 1.037198487873612074e-01
1.122737249605885834e+00 1.620701921590776307e+00 1.037314191657565665e-01
1.124336609861783298e+00 1.623149332595066108e+00 1.037429178982179484e-01
1.125935970117681206e+00 1.625596189997641217e+00 1.037542615811034158e-01
1.127535330373578670e+00 1.628042595719738417e+00 1.037655667742828358e-01
1.129134690629476356e+00 1.630489795955294641e+00 1.037768342560838469e-01
1.130734050885374042e+00 1.632937588475033897e+00 1.037881094124948195e-01
1.132333411141271506e+00 1.635414547549389752e+00 1.037971638557857318e-01
1.133932771397169192e+00 1.637881017008220308e+00 1.038069968567502527e-01
1.135532131653066878e+00 1.640352941182514623e+00 1.038166300589090790e-01
1.137131491908964565e+00 1.642820444223765053e+00 1.038260732340608450e-01
1.138730852164862029e+00 1.645319180904521561e+00 1.038370291207972168e-01
1.140330212420759715e+00 1.647476726000573599e+00 1.038267577456628010e-01
1.141929572676657401e+00 1.649907039854759283e+00 1.038355527638522013e-01
1.143528932932554865e+00 1.652349268818244621e+00 1.038444373299877432e-01
1.145128293188452551e+00 1.654795902997658885e+00 1.038532984038655627e-01
1.146727653444350237e+00 1.657241403876327457e+00 1.038620309051896951e-01
1.148327013700247701e+00 1.659685879705935951e+00 1.038709877890038047e-01
1.149926373956145387e+00 1.661991983236634329e+00 1.038739064565719211e-01
1.151525734212043073e+00 1.664399865840425763e+00 1.038815785139805548e-01
1.153125094467940537e+00 1.666802512657975743e+00 1.038888812903386305e-01
1.154724454723838223e+00 1.669200813872339095e+00 1.038957338042915263e-01
1.156323814979735909e+00 1.671601983930476987e+00 1.039025898203599085e-01
1.157923175235633595e+00 1.673973173505028500e+00 1.039089838465156873e-01
1.159522535491531059e+00 1.676376690443537765e+00 1.039164102147056706e-01
1.161121895747428745e+00 1.678786885088037639e+00 1.039240190949394238e-01
1.162721256003326431e+00 1.681199113086010888e+00 1.039315695829621383e-01
1.164320616259223895e+00 1.683611598395332365e+00 1.039390880181526450e-01
1.165919976515121581e+00 1.686016603324146823e+00 1.039465406101652833e-01
1.167519336771019267e+00 1.688410158877120981e+00 1.039538360042304849e-01
1.169118697026916731e+00 1.690803806423703204e+00 1.039611073076974895e-01
1.170718057282814639e+00 1.693198104197904064e+00 1.039683257904416153e-01
1.172317417538712103e+00 1.695592360061427550e+00 1.039754397541064329e-01
1.173916777794609567e+00 1.697987431988321250e+00 1.039824080680066265e-01
1.175516138050507475e+00 1.700390246562681673e+00 1.039896806610292879e-01
1.177115498306404939e+00 1.702798650967852989e+00 1.039971366096980598e-01
1.178714858562302625e+00 1.705207216304684081e+00 1.040045246954493241e-01
1.180314218818200311e+00 1.707645945749789229e+00 1.040107486488888316e-01
1.181913579074097775e+00 1.710140361405516618e+00 1.040160082499159283e-01
1.183512939329995461e+00 1.712649817415298870e+00 1.040214611374654513e-01
1.185112299585893147e+00 1.715159499125429310e+00 1.040268284398386534e-01
1.186711659841790834e+00 1.717667494305091802e+00 1.040323373734479834e-01
1.188311020097688298e+00 1.719688664853433968e+00 1.040125896012607659e-01
1.189910380353585984e+00 1.722135123945547130e+00 1.040175703735659457e-01
1.191509740609483670e+00 1.724595048496056160e+00 1.040224019737051447e-01
1.193109100865381134e+00 1.727073627345597773e+00 1.040275899653961417e-01
1.194708461121278820e+00 1.729558413793371940e+00 1.040328480633883890e-01
1.196307821377176506e+00 1.732034106552731823e+00 1.040385238750024532e-01
1.197907181633073970e+00 1.734504955257817560e+00 1.040443538050565137e-01
1.199506541888971656e+00 1.736970533888734458e+00 1.040502819387683076e-01
1.201105902144869342e+00 1.739439601904302801e+00 1.040562323859382382e-01
1.202705262400766806e+00 1.741919963928622694e+00 1.040622754040039094e-01
1.204304622656664492e+00 1.744401888861892624e+00 1.040683340357861503e-01
1.205903982912562178e+00 1.746890783158058458e+00 1.040742458808603110e-01
1.207503343168459864e+00 1.749485917205713115e+00 1.040771777599298065e-01
1.209102703424357328e+00 1.752011985126849414e+00 1.040819752427499939e-01
1.210702063680255014e+00 1.754538607559606112e+00 1.040867450196264199e-01
1.212301423936152700e+00 1.757065026032301081e+00 1.040914942320059766e-01
1.213900784192050164e+00 1.759586872439986349e+00 1.040955782035286187e-01
1.215500144447947850e+00 1.762109917570563455e+00 1.040994629811414773e-01
1.217099504703845536e+00 1.764630621600697946e+00 1.041032432825204634e-01
1.218698864959743000e+00 1.767108994723533666e+00 1.041065479739908123e-01
1.220298225215640908e+00 1.769583438687257315e+00 1.041104220016533105e-01
1.221897585471538372e+00 1.772060432605927716e+00 1.041144244547390213e-01
1.223496945727435836e+00 1.774556741431636553e+00 1.041192051320800754e-01
1.225096305983333522e+00 1.776985913814664864e+00 1.041234983071288728e-01
1.226695666239231208e+00 1.779530874297680532e+00 1.041243821075499704e-01
1.228295026495128894e+00 1.782015984756933236e+00 1.041273947383026116e-01
1.229894386751026580e+00 1.784500630343664351e+00 1.041305139026605375e-01
1.231493747006924044e+00 1.786980932042500747e+00 1.041338264052421719e-01
1.233093107262821730e+00 1.789462114648881386e+00 1.041370806791031833e-01
1.234692467518719194e+00 1.791936624646595089e+00 1.041404948695243415e-01
1.236291827774617103e+00 1.794410421009587697e+00 1.041439254884103383e-01
1.237891188030514567e+00 1.796885031409349631e+00 1.041473178734333427e-01
1.239490548286412253e+00 1.799357377610632636e+00 1.041508153174976470e-01
1.241089908542309939e+00 1.801826047152615518e+00 1.041546602387056764e-01
1.242689268798207403e+00 1.804294818997972616e+00 1.041585195888210802e-01
1.244288629054104867e+00 1.806764466495343280e+00 1.041623601423869866e-01
1.245887989310002775e+00 1.809244898784762690e+00 1.041662931199759390e-01
1.247487349565900239e+00 1.811692847649561733e+00 1.041695912743730579e-01
1.249086709821797925e+00 1.814137381467779919e+00 1.041725600372441218e-01
1.250686070077695611e+00 1.816580204780439356e+00 1.041754634473240765e-01
1.252285430333593075e+00 1.819021400489808427e+00 1.041782687245284139e-01
1.253884790589490761e+00 1.821458397789574635e+00 1.041810865537131647e-01
1.255484150845388447e+00 1.823887495207781706e+00 1.041840927341424056e-01
1.257083511101286133e+00 1.825675269193326899e+00 1.041617582709224998e-01
1.258682871357183597e+00 1.828061760643573397e+00 1.041630687154926627e-01
1.260282231613081283e+00 1.830466541481593268e+00 1.041641211871074807e-01
1.261881591868978969e+00 1.832888832618097874e+00 1.041650520152309911e-01
1.263480952124876433e+00 1.835336459972870760e+00 1.041664721323030673e-01
1.265080312380774119e+00 1.837789729981715414e+00 1.041679287947463312e-01
1.266679672636671805e+00 1.840251259895965275e+00 1.041694123958775559e-01
1.268279032892569269e+00 1.842720712493076896e+00 1.041709743845335434e-01
1.269878393148466955e+00 1.845190554367722502e+00 1.041725000217595537e-01
1.271477753404364641e+00 1.847657751280484151e+00 1.041738500123379624e-01
1.273077113660262105e+00 1.850116109963351851e+00 1.041754351737682327e-01
1.274676473916159791e+00 1.852568721013600594e+00 1.041771443293518645e-01
1.276275834172057477e+00 1.855022045492394245e+00 1.041780909023953955e-01
1.277875194427955163e+00 1.857479479146887158e+00 1.041789849022583536e-01
1.279474554683853071e+00 1.859940831485471069e+00 1.041798333442440633e-01
1.281073914939750757e+00 1.862394530922460767e+00 1.041810567291208828e-01
1.282673275195648444e+00 1.864850915767461759e+00 1.041821925290083856e-01
1.284272635451546352e+00 1.867308678353357010e+00 1.041832667540729951e-01
1.285871995707444038e+00 1.869723343835648643e+00 1.041838819687276457e-01
1.287471355963341946e+00 1.872128506173387885e+00 1.041844980611597998e-01
1.289070716219239632e+00 1.874533528593526954e+00 1.041850919642353518e-01
1.290670076475137318e+00 1.876941467875606007e+00 1.041857233503124813e-01
1.292269436731035004e+00 1.879357400491024954e+00 1.041865301778996944e-01
1.293868796986932690e+00 1.881774742239523013e+00 1.041873256584446572e-01
1.295468157242830598e+00 1.884192805215110011e+00 1.041880877597473887e-01
1.297067517498728506e+00 1.886610894141006467e+00 1.041888103409110283e-01
1.298666877754626192e+00 1.889030278627423787e+00 1.041893749419318532e-01
1.300266238010523878e+00 1.891450723963913116e+00 1.041899024026020359e-01
1.301865598266421564e+00 1.893897512417457074e+00 1.041888114157684952e-01
1.303464958522319472e+00 1.896333510262132593e+00 1.041883306424380290e-01
1.305064318778217158e+00 1.898764110265983796e+00 1.041879741971498546e-01
1.306663679034115066e+00 1.901194563777893975e+00 1.041876117871836510e-01
1.308263039290012753e+00 1.903612662650101095e+00 1.041872738917773156e-01
1.309862399545910439e+00 1.906012615354685691e+00 1.041871032430133903e-01
1.311461759801808347e+00 1.908419584120793155e+00 1.041869440675743386e-01
1.313061120057706033e+00 1.910826546140792503e+00 1.041867585472342483e-01
1.314660480313603719e+00 1.913238758210444868e+00 1.041866055632257870e-01
1.316259840569501405e+00 1.915655031785534312e+00 1.041865378427435651e-01
1.317859200825399313e+00 1.918069048010581756e+00 1.041866524690156781e-01
1.319458561081297221e+00 1.920486063913819041e+00 1.041866207667780792e-01
1.321057921337194907e+00 1.922905317644878931e+00 1.041865543480776923e-01
1.322657281593092593e+00 1.925324536638460593e+00 1.041864619298354250e-01
1.324256641848990279e+00 1.927745581045571255e+00 1.041863622244100507e-01
1.325856002104888187e+00 1.930172784193018298e+00 1.041863049038559141e-01
1.327455362360785873e+00 1.932563009132406862e+00 1.041858647117972492e-01
1.329054722616683781e+00 1.934948523818512012e+00 1.041853646696995345e-01
1.330654082872581467e+00 1.937330973557559899e+00 1.041850311568865706e-01
1.332253443128479153e+00 1.939713569127974546e+00 1.041846602466733190e-01
1.333852803384377061e+00 1.942096685598980743e+00 1.041842520505079778e-01
1.335452163640274748e+00 1.944481385081589853e+00 1.041828534838838693e-01
1.337051523896172434e+00 1.946873859927350070e+00 1.041814956542544274e-01
1.338650884152070120e+00 1.949266992251534658e+00 1.041801093893050117e-01
1.340250244407968028e+00 1.951658411769145340e+00 1.041785912385659318e-01
1.341849604663865936e+00 1.954050960537253134e+00 1.041769040458045692e-01
1.343448964919763622e+00 1.956444463371927789e+00 1.041750795194185536e-01
1.345048325175661308e+00 1.958838236694311563e+00 1.041732134954637123e-01
1.346647685431558994e+00 1.961231955786493675e+00 1.041712864323176002e-01
1.348247045687456680e+00 1.963625179107452601e+00 1.041692943589271614e-01
1.349846405943354588e+00 1.966019835894226908e+00 1.041672271148228052e-01
1.351445766199252496e+00 1.968415701012447450e+00 1.041650395066336804e-01
1.353045126455150182e+00 1.970810587608664344e+00 1.041628579980231201e-01
1.354644486711047868e+00 1.973205423168929551e+00 1.041607291225225551e-01
1.356243846966945554e+00 1.975598883704230646e+00 1.041587213704668335e-01
1.357843207222843462e+00 1.977990015151846137e+00 1.041568541461069530e-01
1.359442567478741148e+00 1.980382608803685551e+00 1.041551561451430769e-01
1.361041927734638834e+00 1.982775885896187473e+00 1.041533845838946010e-01
1.362641287990536743e+00 1.985170742268482336e+00 1.041515306961253579e-01
1.364240648246434429e+00 1.987566765113038869e+00 1.041495962329173075e-01
1.365840008502332337e+00 1.989965706680532520e+00 1.041475399193109164e-01
1.367439368758230023e+00 1.992367123247080318e+00 1.041453682525542851e-01
1.369038729014127709e+00 1.994769242159702083e+00 1.041430379457399941e-01
1.370638089270025395e+00 1.997174422645349390e+00 1.041404378167025691e-01
1.372237449525923303e+00 1.999585250324799279e+00 1.041374953817678223e-01
1.373836809781820989e+00 2.002005802273553403e+00 1.041341290486062499e-01
1.375436170037718897e+00 2.004434846056085906e+00 1.041301704296442587e-01
1.377035530293616583e+00 2.006876801062266846e+00 1.041253248093221423e-01
1.378634890549514269e+00 2.009341814883479849e+00 1.041187349930251943e-01
1.380234250805411955e+00 2.011852054249069877e+00 1.041089663054071690e-01
1.381833611061309863e+00 2.014488629314254986e+00 1.040911958403549775e-01
1.383432971317207549e+00 2.016910011023890892e+00 1.040870720557605517e-01
1.385032331573105457e+00 2.019236842346032290e+00 1.040899436501591530e-01
1.386631691829003143e+00 2.021587940121973848e+00 1.040904394782592862e-01
1.388231052084900830e+00 2.023944524341744877e+00 1.040903414434933422e-01
1.389830412340798738e+00 2.026303732087170406e+00 1.040901037391709361e-01
1.391429772596696424e+00 2.028678339058873625e+00 1.040884443923059954e-01
1.393029132852594110e+00 2.031073722637799950e+00 1.040845359486984173e-01
1.394628493108491796e+00 2.033469524356319891e+00 1.040805317491236559e-01
1.396227853364389704e+00 2.035864990610221970e+00 1.040765506211591696e-01
1.397827213620287612e+00 2.038263412121614770e+00 1.040721310934188959e-01
1.399426573876185298e+00 2.040661511236872894e+00 1.040674645884438893e-01
1.401025934132082984e+00 2.043058938341789421e+00 1.040627956180372599e-01
1.402625294387980670e+00 2.045455580492713921e+00 1.040580681041338856e-01
1.404224654643878356e+00 2.047849345018066369e+00 1.040533555329471588e-01
1.405824014899776264e+00 2.050241494242978302e+00 1.040486135430616077e-01
1.407423375155674172e+00 2.052631861547346226e+00 1.040438497702620146e-01
1.409022735411571858e+00 2.055019153965387702e+00 1.040390597005311363e-01
1.410622095667469544e+00 2.057418270711537822e+00 1.040323557481958316e-01
1.412221455923367230e+00 2.059812280343776614e+00 1.040264970469006317e-01
1.413820816179265139e+00 2.062208701730747773e+00 1.040205602455689243e-01
1.415420176435162825e+00 2.064614006311912497e+00 1.040144680372276503e-01
1.417019536691060511e+00 2.067025158520802375e+00 1.040083622883875847e-01
1.418618896946958419e+00 2.069438745913269262e+00 1.040021287037381503e-01
1.420218257202856327e+00 2.071855810771983109e+00 1.039956595741995948e-01
1.421817617458754013e+00 2.074274298247292592e+00 1.039885561780284073e-01
1.423416977714651699e+00 2.076698255422732231e+00 1.039801888123104145e-01
1.425016337970549385e+00 2.079123361627798872e+00 1.039716556725613916e-01
1.426615698226447071e+00 2.081548806651705608e+00 1.039630056872453273e-01
1.428215058482344979e+00 2.083970871109091405e+00 1.039546092356810059e-01
1.429814418738242665e+00 2.086394056820523701e+00 1.039458536703794095e-01
1.431413778994140573e+00 2.088817294805623170e+00 1.039364423240753538e-01
1.433013139250038259e+00 2.091237523489057448e+00 1.039267864056829388e-01
1.434612499505935945e+00 2.093658770782169221e+00 1.039169790930779685e-01
1.436211859761833853e+00 2.096081006598247587e+00 1.039070125795009958e-01
1.437811220017731539e+00 2.098504942127244810e+00 1.038968773585968314e-01
1.439410580273629225e+00 2.100930393608179791e+00 1.038865653316929372e-01
1.441009940529527134e+00 2.103357513556717517e+00 1.038760534392607071e-01
1.442609300785424820e+00 2.105786245188465688e+00 1.038652277334285862e-01
1.444208661041322728e+00 2.108228534702222934e+00 1.038529198775154094e-01
1.445808021297220414e+00 2.110680951044634046e+00 1.038395420306677530e-01
1.447407381553118100e+00 2.113141648943253070e+00 1.038250376490756910e-01
1.449006741809015786e+00 2.115603827115088986e+00 1.038101950598144113e-01
1.450606102064913472e+00 2.118069283105162626e+00 1.037946885914912132e-01
1.452205462320811380e+00 2.120539562455267202e+00 1.037781389370322771e-01
1.453804822576709288e+00 2.123011217288311769e+00 1.037613881741316219e-01
1.455404182832606974e+00 2.125482819774403787e+00 1.037444171922813491e-01
1.457003543088504660e+00 2.127981101213739290e+00 1.037252878641145154e-01
1.458602903344402346e+00 2.130479895395801737e+00 1.037056037150645565e-01
1.460202263600300254e+00 2.132980165658487692e+00 1.036855587480957908e-01
1.461801623856197940e+00 2.135486536801657120e+00 1.036644695192284332e-01
1.463400984112095848e+00 2.137989947554807646e+00 1.036403987275327510e-01
1.465000344367993534e+00 2.140492835279385275e+00 1.036157436423392614e-01
1.466599704623891220e+00 2.142991417212809058e+00 1.035909308248031402e-01
1.468199064879789129e+00 2.145462331259832212e+00 1.035626519822896718e-01
1.469798425135686815e+00 2.147922031828300771e+00 1.035332005004002826e-01
1.471397785391584501e+00 2.150373074968821463e+00 1.035024434823896833e-01
1.472997145647482187e+00 2.152804222084952812e+00 1.034683078525809596e-01
1.474596505903380095e+00 2.155196239152152859e+00 1.034306300392557887e-01
1.476195866159278003e+00 2.157547759453408265e+00 1.033892138384231579e-01
1.477795226415175689e+00 2.159848928817193592e+00 1.033434466977994348e-01
1.479394586671073375e+00 2.162046662782798556e+00 1.032896214201760726e-01
1.480993946926971061e+00 2.164021908163647367e+00 1.032158088180007566e-01
1.482593307182868747e+00 2.166299622237439326e+00 1.031709089117439498e-01
1.484192667438766655e+00 2.168775926535336573e+00 1.031385170318542821e-01
1.485792027694664563e+00 2.171244531923073762e+00 1.031057981757290964e-01
1.487391387950562249e+00 2.173709095483774778e+00 1.030733238527694606e-01
1.488990748206459935e+00 2.176161179696413761e+00 1.030403276673310248e-01
1.490590108462357621e+00 2.178600142387213001e+00 1.030065751986847522e-01
1.492189468718255529e+00 2.181022213324594450e+00 1.029717164337010521e-01
1.493788828974153216e+00 2.183424336243610320e+00 1.029360018763556400e-01
1.495388189230050902e+00 2.185803439497229661e+00 1.028986887689571084e-01
1.496987549485948810e+00 2.188118053083058623e+00 1.028560328034612559e-01
1.498586909741846496e+00 2.190411399001031434e+00 1.028116428489695144e-01
1.500186269997744404e+00 2.192695405195825398e+00 1.027664911435466483e-01
1.501785630253642090e+00 2.194968369356773419e+00 1.027203998234879206e-01
1.503384990509539776e+00 2.197226212514133081e+00 1.026730862268222799e-01
1.504984350765437462e+00 2.199448544382089477e+00 1.026229255911943750e-01
1.506583711021335370e+00 2.201642062551699031e+00 1.025706107987396781e-01
1.508183071277233278e+00 2.203769799821175823e+00 1.025133520316447444e-01
1.509782431533130964e+00 2.205869564371994329e+00 1.024536866433630733e-01
1.511381791789028650e+00 2.207949648486801308e+00 1.023929239092603860e-01
1.512981152044926336e+00 2.209941874242421722e+00 1.023254793735999396e-01
1.514580512300824244e+00 2.211780543421088208e+00 1.022450743963260050e-01
1.516179872556721930e+00 2.213314338424688721e+00 1.021311315034401090e-01
1.517779232812619616e+00 2.214625512265819385e+00 1.019885044860147222e-01
1.519378593068517525e+00 2.215702945180467509e+00 1.018158784764702923e-01
1.520977953324415211e+00 2.216142607741524717e+00 1.015540735837291431e-01
1.522577313580313119e+00 2.216142607741524717e+00 6.280829330653535381e-02
1.524176673836210805e+00 2.216142607741524717e+00 6.278774429868205775e-02
1.525776034092108491e+00 2.216142607741524717e+00 6.276331346430220892e-02
1.527375394348006177e+00 2.216142607741524717e+00 6.273495918579964636e-02
1.528974754603904085e+00 2.216142607741524717e+00 6.269366492744621322e-02
1.530574114859801771e+00 2.216142607741524717e+00 6.264072481057914032e-02
1.532173475115699679e+00 2.216142607741524717e+00 6.258926346462437285e-02
1.533772835371597365e+00 2.216142607741524717e+00 6.253891050601900758e-02
1.535372195627495051e+00 2.216142607741524717e+00 6.248702233033993220e-02
1.536971555883392737e+00 2.216142607741524717e+00 6.243329538058059458e-02
1.538570916139290645e+00 2.216142607741524717e+00 6.237748743157876113e-02
1.540170276395188331e+00 2.216142607741524717e+00 6.233038072060134022e-02
1.541769636651086239e+00 2.216142607741524717e+00 6.229325405572305047e-02
1.543368996906983925e+00 2.216866464700171235e+00 6.225497042211394771e-02
1.544968357162881611e+00 2.220839211588986561e+00 6.221510403036183134e-02
1.546567717418779520e+00 2.224827202592244646e+00 6.217356806661569757e-02
1.548167077674677206e+00 2.228838514873765497e+00 6.212767715843877520e-02
1.549766437930574892e+00 2.233035793771050326e+00 6.205904440811074729e-02
1.551365798186472578e+00 2.241544789303811847e+00 6.156324102632212969e-02
1.552965158442370486e+00 2.245163842684366529e+00 6.157107281067988880e-02
1.554564518698268394e+00 2.248785916705895005e+00 6.157497895905818253e-02
1.556163878954166080e+00 2.252420254685321588e+00 6.157704047593878793e-02
1.557763239210063766e+00 2.256063357274583403e+00 6.157742404794822738e-02
1.559362599465961452e+00 2.259720792552170288e+00 6.157485962443694921e-02
1.560961959721859138e+00 2.263409296494826695e+00 6.156361286622337448e-02
1.562561319977757046e+00 2.267212953185502311e+00 6.153376793978206083e-02
1.564160680233654732e+00 2.275423443425710790e+00 6.101755092859659224e-02
1.565760040489552640e+00 2.278954646203038337e+00 6.103029865749994703e-02
1.567359400745450548e+00 2.282486666773109185e+00 6.103976037028999158e-02
1.568958761001348234e+00 2.286027591724812069e+00 6.104787602247585543e-02
1.570558121257245920e+00 2.289579766598747845e+00 6.105453503345847910e-02
1.572157481513143606e+00 2.293240864324340933e+00 6.105115575013363854e-02
1.573756841769041293e+00 2.296955456783961402e+00 6.103950669104196702e-02
1.575356202024939201e+00 2.300697041662256304e+00 6.102083323517368263e-02
1.576955562280836887e+00 2.304438785063254169e+00 6.100320810899675927e-02
1.578554922536734573e+00 2.308163086698546973e+00 6.099190736076180036e-02
1.580154282792632259e+00 2.311925587654375391e+00 6.097667923218081515e-02
1.581753643048530389e+00 2.315788803988991784e+00 6.095369504095800306e-02
1.583353003304428075e+00 2.319665989457110555e+00 6.092695607676167080e-02
1.584952363560325761e+00 2.323549654818125365e+00 6.090000082221082994e-02
1.586551723816223447e+00 2.327397510956573878e+00 6.088746651215332095e-02
1.588151084072121355e+00 2.331241826438402498e+00 6.087489742457669051e-02
1.589750444328019041e+00 2.335084072609272088e+00 6.086249690593874967e-02
1.591349804583916727e+00 2.339080465110141560e+00 6.083994732637845737e-02
1.592949164839814413e+00 2.343097184629695295e+00 6.081571842306468523e-02
1.594548525095712099e+00 2.347122036330785200e+00 6.079036153137520188e-02
1.596147885351610007e+00 2.351154704551383201e+00 6.076389991120041689e-02
1.597747245607507915e+00 2.355203454807317520e+00 6.073608678514619968e-02
1.599346605863405824e+00 2.359255149019203746e+00 6.070738175563382411e-02
1.600945966119303510e+00 2.363339787186691687e+00 6.067690352625387806e-02
1.602545326375201196e+00 2.367434904625532077e+00 6.064529987385211540e-02
1.604144686631098882e+00 2.371533481810674804e+00 6.061674812358345404e-02
1.605744046886996568e+00 2.375647205778982141e+00 6.059127770691780102e-02
1.607343407142894254e+00 2.379780587567823513e+00 6.056350965600740266e-02
1.608942767398792162e+00 2.383930188005842776e+00 6.053355382924092282e-02
1.610542127654689848e+00 2.388119412532515362e+00 6.049958214942514900e-02
1.612141487910587534e+00 2.392337996177506199e+00 6.046251612093195282e-02
1.613740848166485664e+00 2.396773080223528307e+00 6.040874937540977041e-02
1.615340208422383350e+00 2.458354228792359208e+00 5.744518600416977788e-02
1.616939568678281036e+00 2.463478785951219940e+00 5.748623880080940690e-02
1.618538928934178722e+00 2.468645351159428625e+00 5.752504789332467394e-02
1.620138289190076630e+00 2.473902726137646724e+00 5.755933239013421437e-02
1.621737649445974316e+00 2.479226535676961607e+00 5.759010874525484491e-02
1.623337009701872002e+00 2.484637083050908579e+00 5.761658477177361570e-02
1.624936369957769688e+00 2.490219134816335167e+00 5.763629239587338138e-02
1.626535730213667374e+00 2.495957906289328232e+00 5.764931369665601130e-02
1.628135090469565061e+00 2.501913364856610311e+00 5.765252050995339078e-02
1.629734450725463191e+00 2.508130176569721037e+00 5.763881515248456960e-02
1.631333810981360877e+00 2.514693959542153134e+00 5.760557273846915460e-02
1.632933171237258785e+00 2.522063293940038697e+00 5.752727525568875760e-02
1.634532531493156471e+00 2.577864737545518814e+00 5.485043951686139480e-02
1.636131891749054157e+00 2.583443684191121026e+00 5.486626825981254230e-02
1.637731252004951843e+00 2.589123904185921976e+00 5.487769003913647164e-02
1.639330612260849529e+00 2.594855944722684882e+00 5.488691221311690210e-02
1.640929972516747437e+00 2.600635355950346117e+00 5.489415959405841150e-02
1.642529332772645123e+00 2.606389762841074376e+00 5.490234102347543721e-02
1.644128693028542809e+00 2.612291098132962563e+00 5.490455879678176471e-02
1.645728053284440939e+00 2.618481542168170417e+00 5.489298674604931039e-02
1.647327413540338625e+00 2.625754929189834552e+00 5.482166269064780301e-02
1.648926773796236311e+00 2.670590275742291464e+00 5.280193355882793066e-02
1.650526134052133997e+00 2.675581017484287560e+00 5.285605340478082004e-02
1.652125494308031683e+00 2.680747823096517823e+00 5.290144123020986550e-02
1.653724854563929592e+00 2.685998247281903950e+00 5.294357607858160564e-02
1.655324214819827278e+00 2.691315279441744757e+00 5.298210250686236772e-02
1.656923575075724964e+00 2.696707167158371998e+00 5.301700487385847815e-02
1.658522935331622650e+00 2.702103208368178411e+00 5.305075311855433906e-02
1.660122295587520780e+00 2.707540833323098806e+00 5.308152901198976564e-02
1.661721655843418466e+00 2.713080079255564492e+00 5.310657593153657319e-02
1.663321016099316152e+00 2.718757666683074170e+00 5.312343880100743598e-02
1.664920376355214060e+00 2.724634533552591886e+00 5.312777314046378957e-02
1.666519736611111746e+00 2.730742786341543660e+00 5.311805686388294118e-02
1.668119096867009432e+00 2.737516699571091117e+00 5.306843170562500211e-02
1.669718457122907118e+00 2.775817358673053459e+00 5.119790222124546986e-02
1.671317817378804804e+00 2.781014126451884838e+00 5.123407944884227072e-02
1.672917177634702490e+00 2.786411281519860506e+00 5.125984041827760795e-02
1.674516537890600398e+00 2.793463951889314512e+00 5.121020739133989863e-02
1.676115898146498306e+00 2.831499798925387168e+00 4.973463014960741863e-02
1.677715258402396215e+00 2.841436773720818820e+00 4.950930972942137881e-02
1.679314618658293901e+00 2.849458919054121075e+00 4.940097706176534154e-02
1.680913978914191587e+00 2.857506788409375886e+00 4.929242869331135202e-02
1.682513339170089273e+00 2.865640478061985519e+00 4.917863898336253398e-02
1.684112699425986959e+00 2.875043212428893380e+00 4.898795872490403769e-02
1.685712059681884867e+00 2.884914668646490821e+00 4.877196545626113350e-02
1.687311419937782553e+00 2.893018092026399479e+00 4.865298085874884826e-02
1.688910780193680239e+00 2.916494049268376632e+00 4.765348859306681173e-02
1.690510140449577925e+00 2.923302197449216600e+00 4.759451689463210095e-02
1.692109500705476055e+00 2.930968246299097579e+00 4.749974751523035332e-02
1.693708860961373741e+00 2.938946801441659318e+00 4.739173404154899127e-02
1.695308221217271427e+00 2.945461226872537530e+00 4.735791523766443717e-02
1.696907581473169113e+00 2.951612308119299311e+00 4.734293713359681577e-02
1.698506941729067021e+00 2.957794531429294160e+00 4.732652042202525888e-02
1.700106301984964707e+00 2.963630491346817664e+00 4.732892541290795868e-02
1.701705662240862393e+00 2.968559763216620073e+00 4.738540303986880919e-02
1.703305022496760079e+00 2.973506506158249074e+00 4.744096386073205773e-02
1.704904382752657765e+00 2.978467800565866686e+00 4.749579537828531317e-02
1.706503743008555674e+00 2.983476462131563700e+00 4.754741760442109111e-02
1.708103103264453582e+00 2.988507485328621538e+00 4.759791396758542015e-02
1.709702463520351268e+00 2.993556707727127009e+00 4.764765210125601613e-02
1.711301823776249176e+00 2.998629615201651166e+00 4.769650651758763210e-02
1.712901184032146862e+00 3.003769120388256386e+00 4.774142674711789186e-02
1.714500544288044548e+00 3.009041817430160304e+00 4.777830568442953396e-02
1.716099904543942234e+00 3.014347739428956618e+00 4.781350435441698160e-02
1.717699264799839920e+00 3.019680766776838610e+00 4.784751436678268133e-02
1.719298625055737828e+00 3.024958856801130747e+00 4.788425675160859485e-02
1.720897985311635514e+00 3.030221887541382220e+00 4.792162326111015086e-02
1.722497345567533200e+00 3.035522345646910924e+00 4.795520841945479645e-02
1.724096705823431330e+00 3.040857326834659702e+00 4.798560133336527561e-02
1.725696066079329016e+00 3.046216277162507868e+00 4.801497841699756131e-02
1.727295426335226702e+00 3.051606520621052088e+00 4.804307158883377310e-02
1.728894786591124388e+00 3.057034101713936636e+00 4.806959269762223902e-02
1.730494146847022074e+00 3.062494423843299174e+00 4.809464890555295580e-02
1.732093507102919983e+00 3.067983383053562552e+00 4.811817257149609423e-02
1.733692867358817669e+00 3.073502178314862832e+00 4.814027222515219334e-02
1.735292227614715355e+00 3.079064871597133379e+00 4.816058203527920356e-02
1.736891587870613041e+00 3.084672204307012944e+00 4.817900768987432025e-02
1.738490948126510727e+00 3.090332163115217856e+00 4.819530642041159468e-02
1.740090308382408857e+00 3.096060656091484731e+00 4.820954074829954944e-02
1.741689668638306543e+00 3.101859934283243359e+00 4.822128922492725789e-02
1.743289028894204229e+00 3.107748685502810027e+00 4.822963692172769351e-02
1.744888389150102137e+00 3.113743388065927320e+00 4.823386749341598140e-02
1.746487749405999823e+00 3.119871748139340539e+00 4.823342323172116752e-02
1.748087109661897509e+00 3.126181869291159821e+00 4.822676279349883549e-02
1.749686469917795195e+00 3.132827675361184117e+00 4.820765212599081861e-02
1.751285830173692881e+00 3.139857894059931098e+00 4.817518895060116102e-02
1.752885190429590789e+00 3.147187139777082976e+00 4.813225003188861123e-02
1.752885190429590789e+00 3.147187139777082976e+00 4.813225003188860429e-02
